0.969133 -0.157568 0.189617 -0.307590 0.140535 0.984989 0.100231 0.108566 -0.202564 -0.070489 0.976729 -0.493162
0.912686 0.074564 0.401802 0.274790 -0.097701 0.994514 0.037370 0.299142 -0.396811 -0.073364 0.914964 -0.446148
0.837704 0.009676 0.546039 -0.135634 -0.204447 0.932694 0.297124 0.256848 -0.506412 -0.360538 0.783300 -0.642146
0.928628 0.267573 0.257013 0.315492 -0.344661 0.878567 0.330649 0.268873 -0.137330 -0.395632 0.908084 -0.673967
0.866246 -0.042434 0.497813 0.429514 -0.148177 0.929736 0.337096 0.364824 -0.477139 -0.365773 0.799092 -0.872675
0.633925 -0.448175 0.630301 0.011760 0.224391 0.886506 0.404668 0.405207 -0.740127 -0.115095 0.662544 -1.328609
0.690407 -0.235772 0.683922 -0.177776 -0.117432 0.896334 0.427544 0.449103 -0.713826 -0.375494 0.591148 -1.515252
0.756728 -0.066891 0.650298 -0.156821 -0.335090 0.814442 0.473708 0.157606 -0.561317 -0.576377 0.593897 -1.281267
0.664771 -0.234617 0.709249 0.144863 -0.052382 0.932427 0.357540 0.415033 -0.745209 -0.274835 0.607561 -1.494824
0.641632 -0.248294 0.725712 -0.211798 0.075056 0.961939 0.262756 0.176183 -0.763331 -0.114124 0.635847 -1.604364
0.633058 -0.256690 0.730307 -0.090297 -0.009120 0.940883 0.338610 0.339425 -0.774051 -0.221020 0.593292 -1.837745
0.728914 -0.355000 0.585371 -0.162709 0.008865 0.859872 0.510432 -0.183485 -0.684548 -0.366872 0.629920 -2.549428
0.715652 -0.383969 0.583446 -0.575248 0.277209 0.922872 0.267324 -0.471710 -0.641090 -0.029574 0.766895 -2.971555
0.764556 -0.236645 0.599544 -0.686201 0.201217 0.971307 0.126785 -0.317188 -0.612344 0.023704 0.790236 -3.220026
0.724381 -0.357517 0.589452 -0.439632 0.265217 0.933737 0.240407 -0.385672 -0.636342 -0.017814 0.771201 -3.124955
0.643619 -0.337125 0.687096 -0.671559 0.376140 0.921189 0.099643 -0.404222 -0.666538 0.194312 0.719701 -3.383227
0.663538 -0.402029 0.630943 -0.776664 0.588830 0.800882 -0.108937 -0.508481 -0.461515 0.443802 0.768143 -3.424446
0.674215 -0.237327 0.699364 -0.872592 0.360686 0.932159 -0.031391 -0.278286 -0.644468 0.273415 0.714076 -3.566724
0.573063 -0.401586 0.714372 -0.918002 0.568601 0.822589 0.006294 -0.109957 -0.590162 0.402586 0.699737 -3.841036
0.520932 -0.506414 0.687150 -0.916366 0.589858 0.795445 0.139050 -0.259502 -0.617007 0.332885 0.713084 -3.996541
0.362796 -0.676674 0.640697 -0.902619 0.758983 0.613478 0.218151 -0.310684 -0.540671 0.407133 0.736151 -4.196185
0.253373 -0.567893 0.783135 -1.157095 0.788684 0.590044 0.172704 -0.015293 -0.560161 0.573887 0.597389 -4.458882
0.101462 -0.660996 0.743498 -1.102501 0.831503 0.466650 0.301397 -0.020287 -0.546176 0.587641 0.596968 -4.664350
0.175464 -0.556986 0.811775 -1.549218 0.789014 0.572705 0.222408 0.072565 -0.588786 0.601478 0.539959 -4.714621
0.312917 -0.456149 0.833073 -2.263306 0.746364 0.660549 0.081337 0.261821 -0.587388 0.596324 0.547150 -4.953002
0.121152 -0.269882 0.955241 -2.911459 0.688185 0.716347 0.115106 0.251400 -0.715349 0.643437 0.272515 -5.018620
0.191077 -0.245228 0.950449 -3.323216 0.483538 0.866168 0.126272 0.311397 -0.854213 0.435450 0.284082 -4.940928
0.246303 -0.406366 0.879887 -3.795995 0.464515 0.846286 0.260818 0.017727 -0.850623 0.344481 0.397206 -5.226844
0.286085 -0.477378 0.830822 -4.712484 0.571799 0.780812 0.251750 -0.324788 -0.768896 0.403042 0.496343 -5.438135
0.178049 -0.453137 0.873479 -5.799400 0.659848 0.713495 0.235639 -0.350243 -0.729999 0.534408 0.426039 -6.111131
-0.055428 -0.336850 0.939925 -7.779563 0.635403 0.714251 0.293443 -0.720969 -0.770189 0.613496 0.174446 -6.273123
0.019719 -0.444883 0.895372 -9.199218 0.528776 0.764688 0.368304 -0.811386 -0.848532 0.466189 0.250322 -6.509878
-0.023635 -0.450699 0.892363 -10.995499 0.517111 0.758414 0.396742 -1.338826 -0.855592 0.470828 0.215137 -6.723564
-0.204762 -0.445743 0.871427 -12.664307 0.592544 0.652172 0.472824 -2.012666 -0.779079 0.613176 0.130582 -6.507867
-0.500995 -0.480863 0.719566 -12.937285 0.426644 0.586160 0.688761 -2.165169 -0.752980 0.652064 -0.088506 -7.495989
-0.809710 -0.417319 0.412571 -14.430532 0.183815 0.487304 0.853667 -4.568005 -0.557299 0.767059 -0.317865 -6.435388
-0.938950 -0.313260 0.142269 -14.714259 0.032279 0.331479 0.942910 -5.892341 -0.342535 0.889938 -0.301130 -5.876653
-0.963863 -0.212649 -0.160463 -14.242922 -0.186553 0.108791 0.976403 -6.924886 -0.190174 0.971053 -0.144530 -5.700238
-0.897757 -0.320164 -0.302535 -13.466339 -0.354573 0.117731 0.927587 -8.037660 -0.261362 0.940018 -0.219215 -5.531924
-0.739909 -0.604749 -0.294640 -13.090663 -0.545632 0.283329 0.788676 -8.609945 -0.393471 0.744314 -0.539609 -5.215172
-0.525733 -0.799728 -0.289898 -12.867452 -0.615483 0.122376 0.778591 -8.799054 -0.587184 0.587758 -0.556556 -5.007788
-0.660927 -0.508879 -0.551560 -12.600286 -0.680294 0.095988 0.726627 -9.088426 -0.316822 0.855470 -0.409628 -4.584395
-0.516846 -0.772358 -0.369235 -12.536474 -0.687528 0.117507 0.716587 -9.508574 -0.510074 0.624224 -0.591751 -4.358062
-0.683161 -0.466152 -0.562132 -12.453741 -0.702355 0.208632 0.680565 -9.493991 -0.199968 0.859753 -0.469934 -4.251444
-0.476865 -0.768010 -0.427505 -12.544990 -0.727572 0.071992 0.682243 -9.716559 -0.493193 0.636379 -0.593113 -3.692331
-0.563292 -0.490441 -0.664958 -12.232849 -0.793511 0.096780 0.600811 -9.894595 -0.230307 0.866084 -0.443686 -3.331762
-0.536560 -0.132861 -0.833338 -11.871779 -0.841795 0.153360 0.517554 -9.858757 0.059038 0.979198 -0.194129 -3.030765
-0.429860 -0.145794 -0.891047 -10.705379 -0.876324 0.305025 0.372849 -10.106402 0.217432 0.941119 -0.258880 -2.688570
-0.028820 -0.399157 -0.916429 -10.352801 -0.991833 0.125377 -0.023417 -9.826524 0.124246 0.908270 -0.399511 -2.286116
-0.207650 -0.565727 -0.798019 -10.158132 -0.970121 0.223751 0.093813 -9.612644 0.125485 0.793655 -0.595286 -1.740731
0.005708 -0.553570 -0.832783 -9.754338 -0.964634 0.216423 -0.150472 -9.202625 0.263530 0.804190 -0.532757 -1.344239
0.007158 -0.447855 -0.894078 -9.963382 -0.996017 0.076271 -0.046179 -8.715107 0.088873 0.890847 -0.445525 -0.948132
-0.324878 -0.160935 -0.931963 -9.759776 -0.944732 0.101055 0.311879 -7.549899 0.043987 0.981778 -0.184871 -0.367483
-0.484971 -0.045955 -0.873322 -9.778735 -0.853099 0.244584 0.460870 -7.673453 0.192421 0.968539 -0.157820 0.042709
-0.377153 -0.036390 -0.925436 -7.753291 -0.912441 0.185897 0.364547 -8.805268 0.158770 0.981895 -0.103315 0.541193
-0.437616 -0.025721 -0.898794 -7.264992 -0.848406 0.342899 0.403270 -8.764674 0.297823 0.939020 -0.171880 0.110948
-0.458571 0.106100 -0.882301 -7.244540 -0.850664 0.234797 0.470363 -8.568481 0.257067 0.966237 -0.017416 0.319132
-0.363774 0.003019 -0.931482 -4.935631 -0.760934 0.575810 0.299036 -8.939197 0.537260 0.817578 -0.207167 0.561389
-0.409920 -0.107448 -0.905770 -3.144812 -0.699130 0.674800 0.236353 -9.406587 0.585818 0.730137 -0.351735 1.372177
-0.534398 -0.278523 -0.798025 -2.666869 -0.786401 0.509923 0.348643 -9.944619 0.309827 0.813882 -0.491532 2.245485
-0.714878 -0.288846 -0.636803 -2.077959 -0.698493 0.337344 0.631116 -10.763409 0.032526 0.895973 -0.442916 2.897329
-0.795220 -0.084683 -0.600378 -1.602677 -0.539204 0.551604 0.636390 -11.187771 0.277280 0.829796 -0.484308 3.236047
-0.694354 -0.429305 -0.577554 -1.640385 -0.700218 0.588217 0.404594 -10.979419 0.166033 0.685345 -0.709038 3.552048
-0.463933 -0.677293 -0.570999 -1.601214 -0.882646 0.408355 0.232773 -10.914103 0.075515 0.611981 -0.787259 3.578160
-0.113973 -0.803354 -0.584493 -1.384802 -0.993122 0.076255 0.088846 -10.840455 -0.026804 0.590599 -0.806520 3.496177
-0.011180 -0.720353 -0.693517 -1.055894 -0.999933 0.005977 0.009911 -10.781484 -0.002994 0.693582 -0.720372 3.458907
0.004258 -0.604984 -0.796226 -0.529309 -0.914968 -0.323643 0.241016 -11.027751 -0.403504 0.727496 -0.554919 3.617194
0.168329 -0.446188 -0.878966 0.276598 -0.872962 -0.481623 0.077306 -10.914377 -0.457823 0.754292 -0.470576 3.832033
0.024308 -0.248290 -0.968381 0.585121 -0.815042 -0.565841 0.124621 -10.931393 -0.578891 0.786242 -0.216121 3.651851
-0.241097 -0.434423 -0.867842 0.687290 -0.843886 -0.347786 0.408535 -11.264549 -0.479300 0.830856 -0.282753 3.848481
-0.224925 -0.563314 -0.795039 0.912665 -0.933513 -0.109237 0.341499 -11.252452 -0.279218 0.818990 -0.501290 4.285827
-0.103721 -0.229731 -0.967712 1.197119 -0.905544 -0.380613 0.187414 -11.462482 -0.411378 0.895744 -0.168554 4.671675
0.220080 0.034274 -0.974880 1.493190 -0.862080 -0.460841 -0.210817 -10.940674 -0.456490 0.886821 -0.071875 4.741309
0.276794 0.202191 -0.939417 1.990766 -0.955333 -0.047456 -0.291697 -10.622414 -0.103559 0.978196 0.180024 4.674425
0.622950 -0.116684 -0.773510 1.913316 -0.779718 -0.172295 -0.601959 -10.298540 -0.063033 0.978110 -0.198312 4.403579
0.806431 -0.412759 -0.423438 1.927367 -0.456825 0.019819 -0.889336 -9.693815 0.375474 0.910625 -0.172576 4.411330
0.773068 -0.568005 -0.282377 1.734215 -0.446074 -0.170311 -0.878642 -9.260143 0.450982 0.805211 -0.385034 4.651858
0.842682 -0.533887 -0.069657 1.859021 -0.312465 -0.379577 -0.870796 -9.517535 0.438467 0.755570 -0.486684 4.801277
0.717393 -0.640686 -0.273623 1.879566 -0.448373 -0.124004 -0.885203 -9.180802 0.533206 0.757723 -0.376226 4.750324
0.908558 -0.395951 -0.133212 1.579711 -0.357772 -0.572845 -0.737461 -8.851924 0.215689 0.717685 -0.662123 4.727675
0.908558 -0.395951 -0.133212 1.579711 -0.357772 -0.572845 -0.737461 -8.851924 0.215689 0.717685 -0.662123 4.727675
0.996707 -0.033518 -0.073834 1.428586 -0.075560 -0.714331 -0.695717 -8.673878 -0.029423 0.699005 -0.714512 4.836149
0.988934 0.108137 -0.101570 0.954602 0.008847 -0.726395 -0.687220 -8.531713 -0.148093 0.678717 -0.719314 4.730380
0.989250 0.121513 -0.081363 1.156304 0.021214 -0.669736 -0.742296 -6.370221 -0.144690 0.732590 -0.665114 6.704139
0.995849 -0.023470 -0.087946 1.385974 -0.078852 -0.705111 -0.704699 -5.119453 -0.045472 0.708708 -0.704035 8.034797
0.998002 0.041130 -0.047953 1.507190 -0.003030 -0.726999 -0.686632 -4.448020 -0.063103 0.685406 -0.725422 8.973672
0.997378 0.069352 -0.020663 1.592350 0.031949 -0.678217 -0.734167 -3.825802 -0.064930 0.731582 -0.678655 9.524914
0.966359 0.240423 -0.091364 1.645426 0.059910 -0.555872 -0.829106 -3.419044 -0.250123 0.795741 -0.551575 9.780541
0.974664 0.119952 -0.188788 1.712101 -0.116035 -0.450419 -0.885245 -2.977144 -0.191220 0.884723 -0.425089 9.940572
0.912623 0.405818 -0.049297 1.973537 0.190708 -0.529300 -0.826723 -2.847755 -0.361592 0.745086 -0.560445 10.354367
0.857637 0.513918 0.018648 2.428416 0.370664 -0.592622 -0.715127 -2.463851 -0.356465 0.620232 -0.698745 10.845225
0.855332 0.518080 0.000154 2.233529 0.285689 -0.471415 -0.834356 -2.090762 -0.432191 0.713695 -0.551227 10.984689
0.890246 0.439353 0.120132 2.101953 0.298706 -0.364043 -0.882183 -1.562100 -0.343856 0.821244 -0.455325 11.068608
0.963062 0.228247 0.142882 2.083842 0.248823 -0.551437 -0.796244 -1.088018 -0.102950 0.802385 -0.587861 11.660567
0.969064 0.066240 0.237757 2.145285 0.241069 -0.460620 -0.854234 -0.754829 0.052931 0.885122 -0.462338 11.690000
0.938134 0.164148 0.304892 2.193798 0.331579 -0.172088 -0.927600 -0.698413 -0.099796 0.971309 -0.215870 11.506348
0.859495 0.345246 0.376927 2.112692 0.466462 -0.228261 -0.854582 -0.296873 -0.209003 0.910331 -0.357233 11.902778
0.848137 0.342545 0.404138 2.064668 0.428553 0.004871 -0.903504 -0.121088 -0.311459 0.939489 -0.142667 11.773058
0.880345 0.072747 0.468721 1.947798 0.472168 -0.040100 -0.880596 0.250895 -0.045265 0.996544 -0.069650 11.791905
0.867881 0.276794 0.412513 1.812965 0.431029 -0.006740 -0.902313 0.764678 -0.246975 0.960906 -0.125156 12.105077
0.715337 0.454022 0.531184 1.748391 0.543018 0.117253 -0.831494 1.361357 -0.439800 0.883241 -0.162667 12.559288
0.557739 0.586520 0.587300 1.470606 0.681613 0.080116 -0.727314 1.661769 -0.473637 0.805962 -0.355096 12.981874
0.373852 0.673628 0.637542 1.237503 0.808456 0.100215 -0.579962 2.078834 -0.454570 0.732245 -0.507133 13.496842
0.460466 0.558350 0.690084 0.874927 0.757419 0.158272 -0.633455 2.358123 -0.462911 0.814368 -0.350026 13.499269
0.448861 0.680985 0.578605 0.706525 0.718313 0.110197 -0.686938 2.543383 -0.531555 0.723959 -0.439697 14.106414
0.601146 0.514273 0.611675 0.327538 0.744365 -0.081848 -0.662738 2.672615 -0.290764 0.853712 -0.432009 14.204771
0.516627 0.627043 0.583021 0.182536 0.820411 -0.167690 -0.546631 2.929888 -0.244995 0.760721 -0.601067 14.684732
0.154554 0.690895 0.706241 0.004056 0.907676 0.183007 -0.377667 3.131174 -0.390176 0.699408 -0.598825 14.797887
0.285459 0.592213 0.753523 -0.357381 0.889462 0.129078 -0.438402 3.103758 -0.356891 0.795376 -0.489904 14.829617
0.313491 0.671492 0.671433 -0.685576 0.941922 -0.130210 -0.309560 2.690253 -0.120440 0.729482 -0.673313 15.426921
0.372149 0.736382 0.565019 -0.585261 0.914275 -0.395779 -0.086372 2.331324 0.160020 0.548726 -0.820544 15.597990
0.490304 0.747072 0.448870 -0.755019 0.795405 -0.594091 0.119943 1.950245 0.356276 0.298225 -0.885511 16.209162
0.552651 0.786698 0.275104 -0.700950 0.783985 -0.602723 0.148637 1.490317 0.282744 0.133533 -0.949855 16.629581
0.238011 0.950361 0.200409 -0.702899 0.953624 -0.267805 0.137410 1.425106 0.184259 0.158410 -0.970028 17.222943
0.428745 0.882270 0.194362 -0.930030 0.903387 -0.420676 -0.083208 1.144670 0.008351 0.211259 -0.977394 17.448998
0.555973 0.788605 0.262672 -0.833579 0.822844 -0.477480 -0.308125 1.200340 -0.117568 0.387447 -0.914365 17.910368
0.401690 0.788657 0.465473 -0.764293 0.896277 -0.234238 -0.376589 1.466803 -0.187968 0.568465 -0.800947 17.991616
0.250478 0.908520 0.334442 -0.840795 0.858218 -0.048506 -0.510989 1.772129 -0.448021 0.415015 -0.791858 18.224654
0.554082 0.825062 -0.110752 -1.529079 0.734376 -0.547104 -0.401709 1.846622 -0.392028 0.141246 -0.909046 17.881933
0.318105 0.934932 0.157201 -1.267580 0.928296 -0.273486 -0.251934 1.905542 -0.192549 0.226071 -0.954891 18.461839
0.336601 0.935902 -0.103864 -1.012259 0.878569 -0.351827 -0.323009 1.986531 -0.338847 0.017474 -0.940679 18.647674
0.092037 0.938086 -0.333951 -1.351633 0.891060 -0.227284 -0.392879 2.033096 -0.444456 -0.261411 -0.856810 18.779859
0.145382 0.967686 -0.206031 -1.357106 0.798560 -0.237711 -0.552988 2.161881 -0.584094 -0.084133 -0.807314 19.038654
0.187645 0.982235 -0.001747 -0.993847 0.761535 -0.146606 -0.631325 2.411103 -0.620366 0.117135 -0.775516 19.501168
0.256014 0.944657 -0.205136 -1.519422 0.670862 -0.326411 -0.665883 2.285259 -0.695989 0.032858 -0.717300 19.691651
0.098397 0.977659 -0.185742 -1.792515 0.794602 -0.189553 -0.576782 2.392764 -0.599105 -0.090837 -0.795501 19.846254
-0.045223 0.977140 0.207731 -1.158088 0.803748 0.159079 -0.573309 2.992398 -0.593249 0.141037 -0.792568 20.200454
0.179054 0.968796 -0.171386 -2.020754 0.782868 -0.245805 -0.571575 2.776986 -0.595867 -0.031830 -0.802452 20.550383
0.484860 0.636847 -0.599447 -2.755633 0.640624 -0.725221 -0.252301 3.425217 -0.595408 -0.261689 -0.759610 21.055442
0.261116 0.551973 -0.791925 -3.266439 0.570684 -0.749936 -0.334539 2.894015 -0.778549 -0.364585 -0.510822 21.485317
0.628465 0.507665 -0.589328 -3.547089 0.457475 -0.853997 -0.247803 2.972506 -0.629085 -0.113867 -0.768951 21.754822
0.236071 0.636918 -0.733898 -3.752370 0.607340 -0.686267 -0.400220 3.008274 -0.758557 -0.351245 -0.548833 22.194897
0.115718 0.899820 -0.420635 -2.533180 0.824515 -0.323162 -0.464480 2.710309 -0.553882 -0.293071 -0.779310 22.308925
0.024122 0.997583 -0.065163 -1.590054 0.946612 -0.043753 -0.319393 3.191372 -0.321472 -0.053980 -0.945379 22.225850
-0.174914 0.973964 0.144220 -1.350952 0.963156 0.199655 -0.180189 3.288460 -0.204291 0.107389 -0.973002 22.488365
-0.491589 0.837426 0.238868 -0.668447 0.851841 0.405460 0.331615 3.692798 0.180852 0.366496 -0.912674 23.082046
-0.654541 0.731388 -0.191436 -1.088082 0.714747 0.681162 0.158604 2.915829 0.246400 -0.033015 -0.968606 22.731352
-0.677859 0.561029 -0.475135 -1.456036 0.647007 0.762132 -0.023155 2.425294 0.349125 -0.323111 -0.879608 23.020250
-0.288601 0.834411 -0.469540 -1.279028 0.864383 0.437973 0.247026 2.470727 0.411767 -0.334570 -0.847650 22.958744
-0.167125 0.981884 -0.089288 -0.619393 0.908934 0.188526 0.371883 2.332034 0.381979 -0.019006 -0.923976 23.397515
-0.069791 0.974968 0.211109 -0.389608 0.967387 0.014491 0.252887 2.024166 0.243498 0.221874 -0.944183 23.494410
-0.178487 0.982294 -0.056926 -0.301263 0.837844 0.182065 0.514656 2.189558 0.515907 0.044164 -0.855505 23.667875
-0.022358 0.980971 0.192861 -0.253122 0.917536 -0.056475 0.393623 2.116309 0.397025 0.185758 -0.898813 23.653408
0.311348 0.810897 0.495487 -0.136120 0.817304 -0.494519 0.295745 1.869257 0.484846 0.312885 -0.816717 23.772696
0.513013 0.590621 0.622884 0.074908 0.632293 -0.750782 0.191131 1.793394 0.580537 0.295793 -0.758607 23.901053
0.502587 0.294188 0.812933 -0.221187 0.417188 -0.906121 0.069990 1.448893 0.757206 0.303970 -0.578136 23.650525
0.272480 0.640525 0.717971 -0.291679 0.665466 -0.664403 0.340182 1.427993 0.694917 0.385093 -0.607285 23.772939
0.488028 0.493731 0.719763 -0.525987 0.486156 -0.838637 0.245642 1.245339 0.724901 0.230037 -0.649309 23.980853
0.297000 0.522079 0.799515 -0.570224 0.638762 -0.730998 0.240053 1.685649 0.709770 0.439405 -0.550591 24.306876
0.062696 0.429196 0.901033 -0.955345 0.683961 -0.675950 0.274389 1.733808 0.726820 0.599068 -0.335932 24.068787
-0.015422 0.299934 0.953835 -0.943449 0.442473 -0.853412 0.275510 1.626158 0.896649 0.426295 -0.119551 23.690643
-0.083603 0.500131 0.861905 -1.269972 0.135085 -0.851261 0.507058 1.294310 0.987301 0.158822 0.003608 23.684787
-0.329544 0.322094 0.887500 -0.998883 0.160606 -0.907184 0.388874 1.542400 0.930380 0.270689 0.247227 23.393100
-0.614418 0.158752 0.772844 -1.188735 0.152661 -0.937115 0.313862 1.694516 0.774071 0.310826 0.551545 23.005373
-0.691169 0.529612 0.491728 -1.336745 -0.278273 -0.822979 0.495247 1.138178 0.666970 0.205465 0.716195 22.484434
-0.639880 0.656271 0.399827 -1.327345 -0.587888 -0.753116 0.295304 1.147642 0.494916 -0.046094 0.867717 22.171521
-0.391195 0.781332 0.486299 -1.445499 -0.841925 -0.517227 0.153752 1.203923 0.371658 -0.349280 0.860159 21.927837
-0.084566 0.989079 0.120710 -1.189607 -0.925427 -0.122871 0.358451 1.029479 0.369369 -0.081395 0.925711 21.902623
-0.400630 0.916236 -0.002674 -0.864621 -0.899122 -0.392582 0.193543 0.984779 0.176281 0.079943 0.981088 21.690961
-0.121475 0.935470 -0.331872 -0.736888 -0.931195 0.008366 0.364426 0.611688 0.343686 0.353306 0.870089 21.576681
0.180791 0.692903 -0.697997 -0.466852 -0.805555 0.511486 0.299103 0.564434 0.564265 0.508200 0.650644 21.611051
0.165660 0.335133 -0.927493 -0.106464 -0.670669 0.727804 0.143190 0.464297 0.723021 0.598320 0.345331 21.824006
0.121313 0.781001 -0.612634 0.565811 -0.903943 0.341908 0.256876 0.539644 0.410085 0.522625 0.747458 21.687704
-0.229881 0.765504 -0.600965 0.701137 -0.934062 -0.000147 0.357110 0.579033 0.273281 0.643432 0.715062 21.811963
-0.387391 0.883361 -0.263822 1.564147 -0.905910 -0.417839 -0.068838 0.595474 -0.171044 0.212332 0.962112 21.458015
-0.258019 0.927267 -0.271297 1.862593 -0.965960 -0.253007 0.053928 1.012096 -0.018635 0.275976 0.960984 21.225067
-0.226154 0.932100 -0.282921 1.926222 -0.951443 -0.273641 -0.140984 1.501318 -0.208830 0.237299 0.948725 20.833161
-0.027082 0.975130 -0.219971 2.193259 -0.931040 -0.104714 -0.349571 1.756481 -0.363912 0.195334 0.910721 20.282773
0.206848 0.891226 -0.403645 2.399989 -0.663987 -0.175134 -0.726945 2.127264 -0.718565 0.418382 0.555537 20.858734
0.086026 0.944956 -0.315686 2.346649 -0.492287 -0.235160 -0.838065 2.530531 -0.866171 0.227504 0.444960 20.968673
-0.281296 0.914064 -0.292164 2.506434 -0.219279 -0.357629 -0.907755 3.149744 -0.934232 -0.191282 0.301035 20.778036
-0.160817 0.900319 -0.404430 2.727142 -0.503472 -0.427272 -0.750969 3.153437 -0.848913 0.082850 0.521998 20.593816
-0.295929 0.709873 -0.639145 2.929154 -0.382757 -0.701172 -0.601544 2.926193 -0.875170 0.066623 0.479206 20.432052
-0.576359 0.625850 -0.525473 3.115426 -0.240357 -0.744404 -0.622969 3.151855 -0.781050 -0.232753 0.579471 20.199697
-0.469547 0.818703 -0.330531 3.282637 -0.595641 -0.570076 -0.565884 3.082675 -0.651719 -0.068832 0.755331 20.182500
-0.730976 0.680411 -0.052115 3.089625 -0.489704 -0.576215 -0.654345 3.129659 -0.475252 -0.452789 0.754399 20.125263
-0.457322 0.873176 -0.168585 3.154607 -0.554481 -0.428181 -0.713590 3.007340 -0.695275 -0.232863 0.679976 20.195967
-0.147995 0.982466 -0.113393 3.291291 -0.826734 -0.185825 -0.531017 2.822225 -0.542778 0.015158 0.839740 20.068809
0.080886 0.905106 -0.417420 3.312147 -0.838482 -0.164636 -0.519464 2.822427 -0.538893 0.392017 0.745599 19.924430
-0.022858 0.824629 -0.565212 3.447370 -0.602913 -0.462351 -0.650175 2.918865 -0.797479 0.325912 0.507748 20.187040
0.034795 0.963367 -0.265919 3.804120 -0.573327 -0.198700 -0.794868 3.370761 -0.818588 0.180116 0.545411 20.189065
0.146237 0.974717 -0.168941 4.007724 -0.861328 0.041463 -0.506354 3.172853 -0.486547 0.219561 0.845615 20.305494
0.148143 0.641471 -0.752707 3.112384 -0.963343 -0.078527 -0.256521 2.771638 -0.223659 0.763117 0.606324 19.543083
0.055762 0.889379 -0.453757 4.056024 -0.989464 0.110039 0.094085 3.056056 0.133609 0.443730 0.886145 19.711139
0.205619 0.624695 -0.753311 3.336167 -0.975847 0.188914 -0.109701 2.458529 0.073781 0.757673 0.648451 19.380197
0.377632 0.308463 -0.873066 3.161199 -0.922369 0.208223 -0.325390 2.430923 0.081422 0.928167 0.363149 19.259291
0.438620 -0.078940 -0.895199 2.779177 -0.875248 0.188429 -0.445461 1.889178 0.203846 0.978909 0.013557 18.479141
0.149637 0.183467 -0.971570 3.118292 -0.979617 0.160694 -0.120532 1.744890 0.134012 0.969803 0.203773 18.775355
0.232957 0.484769 -0.843048 2.987183 -0.948171 -0.079424 -0.307676 2.542446 -0.216110 0.871029 0.441141 18.999112
0.361707 0.454057 -0.814248 3.270428 -0.888645 -0.096190 -0.448395 2.427157 -0.281919 0.885765 0.368703 18.581445
0.346430 0.547964 -0.761395 3.196013 -0.843503 -0.173196 -0.508435 2.365873 -0.410475 0.818376 0.402209 18.493885
0.335982 0.573860 -0.746860 3.581438 -0.849681 -0.157474 -0.503234 2.516491 -0.406397 0.803671 0.434690 18.237678
0.309225 0.524199 -0.793470 5.379476 -0.928894 -0.012322 -0.370142 3.075793 -0.203805 0.851506 0.483115 17.464827
0.389280 0.437654 -0.810506 5.709787 -0.918834 0.246453 -0.308230 3.384090 0.064854 0.864708 0.498070 17.202732
0.671775 0.296701 -0.678740 6.095496 -0.668343 0.637889 -0.382642 3.505008 0.319430 0.710680 0.626815 16.924641
0.723990 0.443894 -0.528012 6.017944 -0.664144 0.655409 -0.359654 3.486271 0.186416 0.611062 0.769320 16.725507
0.849354 0.100869 -0.518095 6.443688 -0.375193 0.805779 -0.458204 3.797451 0.371251 0.583563 0.722237 16.558700
0.869666 -0.141786 -0.472841 6.546391 -0.067060 0.915050 -0.397726 4.117174 0.489065 0.377597 0.786280 16.256562
0.819514 0.243915 -0.518558 6.546993 -0.408211 0.883563 -0.229522 3.875093 0.402195 0.399777 0.823661 16.222786
0.862892 0.089204 -0.497454 6.577405 -0.197993 0.965288 -0.170344 4.092820 0.464991 0.245481 0.850601 16.034636
0.912981 0.057350 -0.403951 6.325134 -0.193939 0.932069 -0.305998 4.100671 0.358962 0.357713 0.862084 16.085839
0.839966 0.318304 -0.439477 6.412981 -0.400224 0.910310 -0.105624 4.188502 0.366440 0.264610 0.892022 15.915472
0.911338 0.141512 -0.386571 6.462395 -0.254037 0.932253 -0.257622 4.580439 0.323926 0.332985 0.885547 15.731548
0.874621 0.099229 -0.474543 6.376009 -0.191637 0.969874 -0.150398 4.558961 0.445323 0.222482 0.867288 15.745761
0.818273 -0.099097 -0.566223 6.853702 -0.093516 0.948957 -0.301224 4.874275 0.567172 0.299435 0.767239 15.352810
0.885726 0.000540 -0.464209 6.742797 -0.098533 0.977431 -0.186868 4.825840 0.453631 0.211254 0.865789 14.754606
0.728214 -0.250508 -0.637926 6.741801 0.003425 0.932123 -0.362126 5.152355 0.685341 0.261521 0.679643 14.162666
0.806924 -0.161553 -0.568133 7.016500 0.025864 0.970610 -0.239265 5.181327 0.590089 0.178374 0.787387 14.137254
0.602240 -0.342924 -0.720909 7.098146 0.023365 0.910223 -0.413458 5.489694 0.797973 0.232156 0.556186 13.517973
0.676562 -0.227856 -0.700246 7.332428 0.055869 0.964066 -0.259723 5.483367 0.734263 0.136597 0.664981 13.404926
0.608785 -0.270349 -0.745850 7.888862 -0.062544 0.920863 -0.384837 5.978156 0.790866 0.280931 0.543699 13.362139
0.454772 -0.105628 -0.884322 8.092210 -0.118057 0.977030 -0.177414 5.892655 0.882749 0.185083 0.431855 13.151473
0.252571 0.049736 -0.966299 8.436595 -0.171023 0.985249 0.006009 5.775713 0.952344 0.163742 0.257351 12.792618
0.173566 0.201095 -0.964072 8.640646 -0.106298 0.977037 0.184662 5.762585 0.979069 0.070428 0.190956 12.971581
0.022251 0.287210 -0.957609 8.639074 0.193766 0.938445 0.285965 5.685556 0.980795 -0.191915 -0.034771 12.934009
-0.202561 0.125744 -0.971163 9.110765 -0.109173 0.982640 0.150001 5.713798 0.973165 0.136410 -0.185316 13.057256
-0.090072 -0.079450 -0.992761 9.326334 -0.041791 0.996237 -0.075936 5.973186 0.995058 0.034649 -0.093053 13.044478
-0.351610 -0.193377 -0.915956 9.558973 0.105610 0.963993 -0.244059 6.251524 0.930171 -0.182547 -0.318527 12.990545
-0.636101 -0.250124 -0.729941 9.971883 0.180116 0.871734 -0.455673 6.587779 0.750289 -0.421328 -0.509460 12.966622
-0.626603 -0.206854 -0.751386 10.005976 0.382479 0.758413 -0.527749 6.740552 0.679028 -0.618078 -0.396106 12.979902
-0.744033 -0.057674 -0.665649 10.169341 0.368350 0.795782 -0.480675 6.741385 0.557434 -0.602830 -0.570844 13.318704
-0.686349 0.087721 -0.721963 10.248443 0.601557 0.626367 -0.495776 6.864350 0.408724 -0.774577 -0.482675 13.393040
-0.561227 0.153875 -0.813232 10.226560 0.621161 0.727656 -0.290992 6.648451 0.546977 -0.668461 -0.503961 13.516562
-0.392160 0.277021 -0.877194 10.457745 0.581384 0.813624 -0.002970 6.374484 0.712883 -0.511152 -0.480126 13.706370
-0.220404 0.142397 -0.964959 10.634754 0.610244 0.791893 -0.022527 6.481237 0.760936 -0.593826 -0.261433 13.535948
-0.011527 0.367516 -0.929946 10.857381 0.440905 0.836587 0.325155 6.155850 0.897480 -0.406270 -0.171683 13.479313
0.273138 0.480843 -0.833178 10.455468 0.457647 0.696870 0.552206 6.093454 0.846141 -0.532129 -0.029715 13.445549
0.412032 0.511419 -0.754109 10.311147 0.502873 0.562534 0.656258 5.749341 0.759834 -0.649620 -0.025397 13.479932
0.481245 0.782332 -0.395424 10.259515 0.126966 0.384130 0.914508 6.035476 0.867343 -0.490307 0.085531 12.947402
0.397426 0.912922 -0.092873 10.092846 -0.182146 0.177677 0.967085 6.278359 0.899375 -0.367428 0.236899 12.882848
0.754076 0.656725 0.009009 10.213913 -0.208598 0.226469 0.951419 6.163790 0.622781 -0.719322 0.307766 12.582774
0.910856 0.340415 -0.233365 9.992062 0.034327 0.500983 0.864776 5.561615 0.411295 -0.795697 0.444638 12.203982
0.946034 0.313290 0.082875 9.844668 -0.202331 0.371251 0.906220 5.357904 0.253142 -0.874084 0.414605 12.029007
0.986632 0.038524 -0.158344 9.531368 0.100280 0.622388 0.776258 5.082654 0.128456 -0.781760 0.610205 11.691299
0.874338 0.484049 0.035060 9.824176 -0.235853 0.360662 0.902384 5.164971 0.424153 -0.797258 0.429505 11.678723
0.718703 0.655436 0.232099 9.761096 -0.323214 0.019375 0.946128 5.246972 0.615629 -0.755002 0.225771 11.680733
0.508632 0.722665 0.468026 9.815214 -0.452677 -0.237936 0.859343 5.090925 0.732377 -0.648954 0.206112 11.418357
0.329826 0.852051 0.406478 9.619705 -0.602212 -0.141692 0.785661 4.984938 0.727018 -0.503917 0.466382 11.150898
0.400891 0.748319 0.528494 9.727410 -0.581378 -0.238025 0.778038 5.214466 0.708015 -0.619163 0.339634 11.276475
0.661024 0.656069 0.364171 9.212000 -0.602196 0.174285 0.779092 5.175764 0.447669 -0.734301 0.510289 10.700425
0.831835 0.479923 0.278790 8.790990 -0.483811 0.380842 0.787963 5.073452 0.271987 -0.790337 0.548990 10.329679
0.894190 0.364841 0.259452 8.717298 -0.421937 0.493087 0.760811 4.783417 0.149643 -0.789782 0.594854 10.179037
0.961925 0.158346 0.222770 8.051328 -0.270735 0.663724 0.697261 4.593015 -0.037449 -0.731024 0.681323 10.018397
0.713969 0.208788 0.668323 7.503623 -0.652391 0.544947 0.526705 4.559598 -0.254231 -0.812060 0.525287 9.577166
0.675324 0.290390 0.677946 6.986186 -0.731299 0.144503 0.666574 5.087091 0.095601 -0.945935 0.309948 9.187016
0.691520 0.234944 0.683082 6.907850 -0.718953 0.132155 0.682379 5.104357 0.070049 -0.962983 0.260302 9.240591
0.566777 0.128027 0.813863 6.088154 -0.823723 0.106838 0.556836 5.231636 -0.015661 -0.985999 0.166012 9.062801
0.186731 0.303668 0.934300 4.585329 -0.980232 0.120906 0.156614 5.025186 -0.065404 -0.945075 0.320242 8.419312
-0.127247 0.422018 0.897613 3.117324 -0.979671 0.088030 -0.180267 5.219753 -0.155093 -0.902303 0.402237 7.974242
-0.405497 0.364344 0.838347 2.289277 -0.796756 0.308664 -0.519525 6.090152 -0.448054 -0.878624 0.165131 7.647312
-0.694970 0.418746 0.584524 1.370341 -0.548889 0.216165 -0.807461 7.048967 -0.464475 -0.882000 0.079617 7.567494
-0.813099 0.450191 0.369050 0.649988 -0.270215 0.269643 -0.924271 8.768686 -0.515610 -0.851247 -0.097598 7.561268
-0.853209 0.485556 0.190448 0.042290 0.004751 0.372364 -0.928075 10.144138 -0.521548 -0.790936 -0.320011 7.917928
-0.894093 0.447842 -0.005951 -0.434020 0.224402 0.436430 -0.871305 10.867525 -0.387610 -0.780363 -0.490705 8.175659
-0.812791 0.567210 0.132828 -0.398356 0.271295 0.570321 -0.775328 10.997361 -0.515528 -0.594144 -0.617433 8.427166
-0.663152 0.692803 0.283290 -0.079056 0.329201 0.609883 -0.720881 10.853013 -0.672202 -0.384794 -0.632517 8.912846
-0.574823 0.768826 0.280152 -0.151789 0.266740 0.499722 -0.824092 11.223740 -0.773581 -0.398980 -0.492328 9.005036
-0.501995 0.827077 0.252873 0.065160 0.181366 0.386552 -0.904259 11.071376 -0.845640 -0.408071 -0.344051 9.082389
-0.434959 0.794424 0.423911 0.101945 0.116157 0.516346 -0.848466 11.060251 -0.892927 -0.319808 -0.316868 9.674682
-0.259503 0.740441 0.620004 0.190793 0.104377 0.659741 -0.744209 10.824369 -0.960085 -0.128410 -0.248490 9.715626
-0.570841 0.743173 0.349047 -0.096666 0.244507 0.559697 -0.791805 11.183200 -0.783809 -0.366651 -0.501209 9.012932
-0.643478 0.578830 0.500890 -0.092079 0.148553 0.736352 -0.660089 11.249322 -0.750911 -0.350344 -0.559813 9.201115
-0.471623 0.610713 0.636083 -0.347558 0.185759 0.773967 -0.605367 11.344582 -0.862012 -0.167347 -0.478466 9.403573
-0.729913 0.599530 0.328314 -0.935909 0.293321 0.708568 -0.641790 11.894443 -0.617405 -0.372150 -0.693048 8.681355
-0.774645 0.372646 0.510940 -0.545358 0.074356 0.856010 -0.511585 11.850272 -0.628010 -0.358305 -0.690812 8.970370
-0.837915 0.433903 0.331099 -0.861219 0.229678 0.830618 -0.507269 12.322047 -0.495122 -0.349003 -0.795645 9.410318
-0.807005 0.440036 0.393842 -0.492115 0.105089 0.763276 -0.637468 12.500304 -0.581119 -0.473052 -0.662210 9.870197
-0.871267 0.474238 0.126462 -0.584453 0.267790 0.675248 -0.687262 12.675789 -0.411319 -0.564923 -0.715317 9.851934
-0.928316 0.371755 -0.005316 -0.341157 0.235615 0.577178 -0.781890 12.116627 -0.287603 -0.727093 -0.623394 9.750598
-0.877848 0.372060 -0.301585 -0.322134 0.466973 0.525036 -0.711529 12.627450 -0.106388 -0.765447 -0.634644 9.990755
-0.816976 0.551777 -0.167608 0.315689 0.530369 0.604831 -0.594043 12.596390 -0.226405 -0.574213 -0.786778 9.918877
-0.609175 0.772396 -0.179750 0.723708 0.663402 0.372143 -0.649159 12.460424 -0.434516 -0.514698 -0.739109 10.296620
-0.579429 0.815009 -0.004626 1.495871 0.645996 0.455794 -0.612324 12.214988 -0.496941 -0.357787 -0.790594 10.901530
-0.634056 0.666218 -0.392588 1.614470 0.753028 0.416508 -0.509381 12.033930 -0.175843 -0.618606 -0.765771 10.953127
-0.413060 0.901571 -0.128650 2.336412 0.809588 0.298822 -0.505246 12.011353 -0.417071 -0.312850 -0.853332 11.437820
-0.052869 0.949818 -0.308303 2.542556 0.872894 -0.106001 -0.476255 12.049176 -0.485036 -0.294295 -0.823487 11.500390
-0.185444 0.950158 -0.250621 2.372312 0.976985 0.150918 -0.150748 12.579332 -0.105412 -0.272808 -0.956276 11.429422
-0.290238 0.782868 -0.550346 2.684768 0.892501 0.428937 0.139481 12.846569 0.345258 -0.450701 -0.823204 11.265444
-0.250309 0.812316 -0.526772 2.473448 0.734357 0.513866 0.443466 13.210096 0.630924 -0.275835 -0.725155 11.677604
-0.206475 0.898502 -0.387379 2.495260 0.964147 0.254283 0.075897 12.423666 0.166697 -0.357819 -0.918791 11.394080
-0.661205 0.739561 -0.125926 2.530925 0.749847 0.646318 -0.141432 12.107073 -0.023209 -0.187941 -0.981906 11.362444
-0.917826 0.305378 -0.253651 2.702558 0.342382 0.932316 -0.116453 12.222657 0.200921 -0.193729 -0.960260 11.442524
-0.983534 -0.094409 -0.154105 2.953274 -0.083669 0.993685 -0.074761 12.168189 0.160190 -0.060636 -0.985222 11.452329
-0.862371 -0.490863 -0.123979 2.990490 -0.467660 0.866142 -0.176329 12.365667 0.193936 -0.094081 -0.976492 11.469579
-0.687511 -0.721585 -0.081510 3.194737 -0.718510 0.692221 -0.067634 12.469737 0.105227 0.012066 -0.994375 11.552918
-0.846103 -0.510268 -0.154063 3.377450 -0.497568 0.859767 -0.115006 12.804662 0.191143 -0.020650 -0.981345 12.115166
-0.915326 -0.298096 -0.270772 3.404500 -0.284156 0.954519 -0.090270 12.779413 0.285366 -0.005685 -0.958402 12.791439
-0.915784 -0.135963 -0.377961 3.579074 -0.070093 0.980625 -0.182924 12.896681 0.395509 -0.141027 -0.907570 12.886126
-0.880087 0.008257 -0.474741 3.645663 0.039709 0.997626 -0.056262 12.648157 0.473149 -0.068367 -0.878326 12.820325
-0.883911 -0.034840 -0.466356 3.993870 0.006730 0.996170 -0.087176 12.791502 0.467607 -0.080195 -0.880291 13.393193
-0.898983 0.017942 -0.437615 4.679398 0.023154 0.999710 -0.006575 12.961460 0.437371 -0.016043 -0.899138 15.490345
-0.892913 -0.096407 -0.439787 5.064522 -0.116553 0.993003 0.018962 12.985929 0.434881 0.068190 -0.897902 16.898275
-0.882134 0.033381 -0.469814 5.807098 -0.023792 0.993054 0.115231 13.006030 0.470397 0.112827 -0.875212 18.251414
-0.752786 -0.089788 -0.652113 6.196625 -0.223762 0.966566 0.125222 12.779101 0.619067 0.240184 -0.747708 19.325714
-0.499050 -0.402573 -0.767388 8.377308 -0.496945 0.858416 -0.127151 12.996401 0.709926 0.317895 -0.628449 21.656539
-0.374798 -0.398058 -0.837303 10.185495 -0.496918 0.848702 -0.181044 13.711842 0.782687 0.348217 -0.515894 22.795226
-0.330031 -0.409433 -0.850555 12.596753 -0.420130 0.870589 -0.256058 15.207147 0.845322 0.272837 -0.459337 23.599118
-0.105754 -0.525436 -0.844235 14.645724 -0.364685 0.810334 -0.458654 17.318656 0.925106 0.259376 -0.277315 23.236548
0.017799 -0.533503 -0.845611 15.915564 -0.276238 0.810202 -0.516977 18.731880 0.960924 0.242791 -0.132953 22.424238
-0.051404 -0.530832 -0.845917 17.012690 -0.187505 0.837103 -0.513907 19.593476 0.980918 0.132197 -0.142564 21.904922
0.055844 -0.609330 -0.790948 17.388616 -0.353081 0.728945 -0.586493 20.217994 0.933925 0.312021 -0.174435 21.583330
-0.318828 -0.618166 -0.718484 17.701952 -0.233542 0.785909 -0.572542 20.476683 0.918589 -0.014746 -0.394938 21.535431
0.111444 -0.586208 -0.802459 17.962486 -0.307146 0.747636 -0.588814 20.795922 0.945114 0.312092 -0.096732 21.360563
-0.128059 -0.421315 -0.897828 18.542285 -0.169546 0.901255 -0.398740 21.041298 0.977167 0.101161 -0.186846 21.337934
0.047248 -0.461552 -0.885854 18.741737 -0.616896 0.684023 -0.389296 21.229117 0.785625 0.564874 -0.252411 21.330244
0.161880 -0.179075 -0.970426 19.335982 -0.463319 0.854475 -0.234966 21.355097 0.871281 0.487653 0.055354 20.916999
0.291051 0.070762 -0.954087 19.604488 -0.333227 0.942311 -0.031764 21.279970 0.896799 0.327172 0.297841 20.486497
0.075266 -0.197939 -0.977320 19.518589 -0.128194 0.970047 -0.206338 21.386491 0.988889 0.140817 0.047637 20.606650
0.005107 0.007487 -0.999959 19.716479 -0.245037 0.969495 0.006008 21.584663 0.969500 0.244996 0.006785 20.410081
-0.247627 -0.107924 -0.962826 20.040406 -0.069560 0.993192 -0.093438 21.741318 0.966355 0.043836 -0.253449 20.601300
-0.101028 -0.275846 -0.955878 20.220721 0.143479 0.946710 -0.288365 22.030021 0.984483 -0.166281 -0.056066 20.143055
0.211606 -0.072619 -0.974653 20.908558 0.066046 0.996019 -0.059872 21.973684 0.975121 -0.051702 0.215560 19.608362
0.268199 0.041729 -0.962459 21.991829 -0.100000 0.994870 0.015268 22.035303 0.958159 0.092151 0.270996 19.000155
0.201418 0.019219 -0.979317 23.053489 -0.103042 0.994676 -0.001673 21.918993 0.974070 0.101248 0.202326 18.173543
0.855062 0.110050 -0.506712 23.563270 -0.316960 0.884321 -0.342801 21.951979 0.410371 0.453724 0.791031 17.876258
0.813960 -0.014908 0.580730 24.304940 0.058147 0.996741 -0.055911 22.923289 -0.578004 0.079277 0.812174 17.797666
0.761108 -0.299975 0.575091 23.564946 0.365125 0.930956 0.002373 23.595329 -0.536096 0.208174 0.818086 16.943591
0.512244 -0.289947 0.808416 23.451740 0.444338 0.894990 0.039448 23.405370 -0.734962 0.339003 0.587288 16.575029
0.343185 -0.069648 0.936682 23.281843 0.007839 0.997425 0.071293 23.481553 -0.939235 -0.017124 0.342847 16.706592
0.096556 0.638473 0.763563 22.949563 -0.605728 0.646425 -0.463928 23.531427 -0.789792 -0.417716 0.449157 16.662115
-0.053965 0.263012 0.963282 22.549083 -0.357232 0.895756 -0.264588 23.483543 -0.932456 -0.358393 0.045617 16.685831
-0.385108 0.690544 0.612242 22.292260 -0.646154 0.271911 -0.713126 23.884574 -0.658920 -0.670234 0.341483 16.551198
-0.426742 0.438897 0.790734 22.100580 -0.328642 0.739313 -0.587717 23.905020 -0.842547 -0.510672 -0.171255 16.829619
-0.326895 0.223561 0.918237 21.926658 0.210390 0.964450 -0.159913 24.069104 -0.921344 0.140914 -0.362309 16.911268
