0.999998 -0.000892 -0.001835 -0.048496 0.000896 0.999997 0.002111 -0.002619 0.001833 -0.002113 0.999996 -0.123892
0.999929 -0.002451 0.011703 -0.143086 0.002424 0.999994 0.002395 0.047213 -0.011709 -0.002367 0.999929 -0.620682
0.999946 -0.001771 0.010263 -0.165890 0.001711 0.999981 0.005896 0.048572 -0.010273 -0.005878 0.999930 -0.809751
0.999879 -0.003927 0.015072 -0.246660 0.003853 0.999980 0.004927 0.075842 -0.015091 -0.004868 0.999874 -1.087934
0.999819 -0.002459 0.018854 -0.386633 0.002326 0.999972 0.007056 0.075016 -0.018871 -0.007011 0.999797 -1.271906
0.999940 -0.002132 0.010749 -0.395221 0.001996 0.999917 0.012690 0.087130 -0.010775 -0.012668 0.999862 -1.608567
0.999921 -0.004514 -0.011736 -0.373943 0.004646 0.999926 0.011282 0.182548 0.011684 -0.011336 0.999867 -2.850270
0.999300 0.000693 -0.037414 -0.234355 -0.000258 0.999932 0.011642 0.337809 0.037420 -0.011624 0.999232 -4.471151
0.995812 0.005071 -0.091285 -0.105799 -0.003895 0.999907 0.013052 0.494760 0.091343 -0.012642 0.995739 -6.023583
0.994364 0.008766 -0.105660 -0.290600 -0.007483 0.999893 0.012535 0.592050 0.105759 -0.011674 0.994323 -7.334438
0.985898 0.016304 -0.166552 0.085535 -0.015097 0.999850 0.008513 0.676261 0.166666 -0.005879 0.985996 -8.556881
0.970046 0.022894 -0.241840 0.483403 -0.022476 0.999737 0.004484 0.854776 0.241879 0.001086 0.970306 -9.596095
0.947249 0.033244 -0.318770 0.775199 -0.032685 0.999440 0.007103 0.992984 0.318827 0.003691 0.947806 -10.612829
0.917177 0.039678 -0.396501 1.086335 -0.041782 0.999121 0.003335 1.112082 0.396285 0.013508 0.918028 -11.587747
0.871696 0.048065 -0.487685 1.502360 -0.054131 0.998532 0.001660 1.273280 0.487049 0.024952 0.873018 -12.218115
0.836524 0.049124 -0.545724 1.870123 -0.058376 0.998295 0.000379 1.435241 0.544812 0.031540 0.837965 -13.220913
0.771255 0.058510 -0.633832 2.478120 -0.074592 0.997213 0.001290 1.580540 0.632141 0.046284 0.773470 -14.095626
0.672007 0.068132 -0.737404 3.366866 -0.092451 0.995687 0.007743 1.717258 0.734751 0.062970 0.675407 -14.699582
0.556051 0.075530 -0.827709 4.273379 -0.109389 0.993850 0.017203 1.774721 0.823918 0.080977 0.560893 -15.094405
0.440992 0.077735 -0.894138 5.011702 -0.119993 0.992405 0.027097 1.761239 0.889454 0.095341 0.446970 -15.264224
0.346280 0.082384 -0.934507 5.494140 -0.131294 0.990589 0.038678 1.744342 0.928898 0.109302 0.353838 -15.296107
0.197498 0.087610 -0.976381 6.131913 -0.143534 0.987849 0.059606 1.772236 0.969738 0.128372 0.207674 -15.139913
0.076685 0.090985 -0.992895 6.787275 -0.155121 0.984791 0.078262 1.813452 0.984915 0.148017 0.089632 -15.175348
-0.062470 0.098314 -0.993193 7.546128 -0.157053 0.981770 0.107061 1.806503 0.985613 0.162672 -0.045891 -14.970201
-0.171885 0.092295 -0.980784 8.517925 -0.156970 0.980315 0.119760 1.837648 0.972531 0.174538 -0.154014 -14.791177
-0.293888 0.083418 -0.952193 9.063328 -0.158651 0.978109 0.134655 1.758997 0.942581 0.190640 -0.274220 -14.419493
-0.415013 0.078117 -0.906456 9.401137 -0.155732 0.975504 0.155368 1.686172 0.896388 0.205644 -0.392681 -14.091371
-0.532867 0.069540 -0.843337 9.753162 -0.155042 0.971723 0.178090 1.616972 0.831874 0.225651 -0.507018 -13.637869
-0.640053 0.060514 -0.765944 9.955019 -0.144266 0.969697 0.197166 1.577338 0.754665 0.236696 -0.611927 -13.303595
-0.727486 0.051444 -0.684191 10.118826 -0.136565 0.966376 0.217868 1.485443 0.672394 0.251933 -0.696000 -13.086040
-0.789153 0.045835 -0.612484 10.113817 -0.124359 0.964633 0.232418 1.440994 0.601475 0.259581 -0.755543 -12.849783
-0.861127 0.033730 -0.507270 10.173453 -0.107454 0.963179 0.246456 1.373617 0.496904 0.266739 -0.825795 -12.533773
-0.915180 0.022187 -0.402435 10.240216 -0.091246 0.961154 0.260494 1.289674 0.392582 0.275119 -0.877604 -12.193500
-0.949238 0.013979 -0.314249 10.301920 -0.075529 0.959658 0.270837 1.253613 0.305358 0.280823 -0.909887 -11.858745
-0.975968 0.004374 -0.217870 10.325649 -0.058701 0.957563 0.282183 1.202759 0.209858 0.288191 -0.934294 -11.480483
-0.990828 -0.001844 -0.135113 10.221361 -0.041535 0.955654 0.291548 1.132953 0.128584 0.294486 -0.946966 -11.230524
-0.999493 0.001895 -0.031778 10.076042 -0.008047 0.950773 0.309784 0.776750 0.030801 0.309882 -0.950276 -10.210930
-0.999193 -0.007935 0.039366 10.097085 0.004640 0.950909 0.309437 0.606491 -0.039888 0.309370 -0.950105 -9.462812
-0.997759 -0.011527 0.065908 10.138597 0.010008 0.948255 0.317353 0.439153 -0.066156 0.317302 -0.946014 -8.618164
-0.992519 -0.016414 0.120983 9.850515 0.023812 0.945869 0.323674 0.210929 -0.119747 0.324134 -0.938402 -7.785591
-0.991842 -0.017460 0.126268 9.757091 0.025379 0.943694 0.329845 -0.049774 -0.124918 0.330359 -0.935552 -6.839414
-0.987799 -0.020591 0.154369 9.580742 0.033775 0.939304 0.341419 -0.389748 -0.152029 0.342468 -0.927148 -5.624969
-0.987397 -0.020578 0.156922 9.396819 0.034740 0.939150 0.341746 -0.774325 -0.154406 0.342890 -0.926599 -4.291758
-0.994325 -0.027548 0.102755 9.431241 0.011485 0.932449 0.361118 -1.409091 -0.105762 0.360249 -0.926842 -2.944318
-0.995005 -0.024114 0.096869 9.135768 0.012649 0.932108 0.361960 -2.056063 -0.099021 0.361377 -0.927147 -1.069522
-0.991393 -0.026141 0.128285 8.747496 0.023703 0.927832 0.372245 -2.540460 -0.128758 0.372082 -0.919226 0.390004
-0.994353 -0.013612 0.105247 8.614466 0.028374 0.921533 0.387262 -3.179236 -0.102260 0.388061 -0.915943 1.897846
-0.991221 -0.001680 0.132202 8.267167 0.054249 0.906701 0.418270 -4.013418 -0.120571 0.421770 -0.898651 3.425635
-0.993810 -0.006721 0.110891 7.895695 0.042965 0.897246 0.439435 -4.723898 -0.102450 0.441479 -0.891404 4.948402
-0.996459 0.002095 0.084056 7.679885 0.044110 0.864106 0.501373 -5.863086 -0.071582 0.503305 -0.861139 6.355890
-0.995092 0.002539 0.098918 7.383473 0.053515 0.854663 0.516418 -6.536637 -0.083230 0.519178 -0.850604 7.527730
-0.997389 0.004997 0.072037 7.210666 0.042795 0.844439 0.533939 -7.012121 -0.058163 0.535628 -0.842448 8.288998
-0.995323 0.005333 0.096457 7.009630 0.056808 0.839903 0.539755 -7.506860 -0.078136 0.542710 -0.836278 9.078787
-0.998762 0.006646 0.049308 6.869943 0.032732 0.834145 0.550573 -7.846247 -0.037471 0.551505 -0.833330 9.571862
-0.999929 0.007927 -0.008935 6.742402 0.001732 0.836366 0.548168 -8.075834 0.011818 0.548113 -0.836321 10.065130
-0.995352 0.010647 -0.095716 6.592782 -0.042727 0.841881 0.537969 -8.326043 0.086310 0.539558 -0.837513 10.570051
-0.979747 0.025902 -0.198558 6.582799 -0.082267 0.851979 0.517073 -8.624245 0.182561 0.522935 -0.832593 11.298977
-0.909911 0.046581 -0.412179 6.834497 -0.170198 0.864252 0.473393 -8.905598 0.378278 0.500898 -0.778465 11.932744
-0.814883 0.063761 -0.576108 7.097540 -0.232217 0.874765 0.425278 -9.084598 0.531075 0.480334 -0.698025 12.329775
-0.656965 0.079939 -0.749671 7.641160 -0.292446 0.889485 0.351129 -9.194316 0.694890 0.449917 -0.560983 12.714263
-0.482279 0.085647 -0.871821 8.050218 -0.331777 0.903214 0.272265 -9.197059 0.810760 0.420558 -0.407186 12.716532
-0.280431 0.072655 -0.957120 8.785788 -0.345627 0.922604 0.171302 -9.130462 0.895489 0.378845 -0.233615 12.860405
-0.109171 0.066642 -0.991787 9.428837 -0.326220 0.940087 0.099077 -9.094567 0.938969 0.334357 -0.080890 12.931557
0.060035 0.059617 -0.996414 10.059160 -0.313103 0.948962 0.037913 -8.992708 0.947820 0.309704 0.075637 12.892097
0.161663 0.057938 -0.985144 11.126507 -0.291939 0.956400 0.008340 -8.734336 0.942675 0.286254 0.171529 12.717877
0.214887 0.057921 -0.974920 11.888373 -0.279931 0.960009 -0.004666 -8.492768 0.935661 0.273913 0.222507 12.397065
0.210914 0.072082 -0.974843 12.824980 -0.277754 0.960590 0.010934 -8.249829 0.937213 0.268461 0.222623 12.289369
0.154798 0.086989 -0.984109 13.616328 -0.290342 0.956134 0.038846 -8.160000 0.944319 0.279715 0.173264 12.329420
0.102456 0.101739 -0.989521 14.183618 -0.294902 0.953143 0.067464 -8.020886 0.950019 0.284900 0.127658 12.139768
0.032616 0.116404 -0.992666 14.715423 -0.298950 0.948861 0.101444 -8.037992 0.953711 0.293449 0.065747 12.091755
-0.027200 0.126748 -0.991562 15.206171 -0.299766 0.945244 0.129050 -8.124446 0.953625 0.300747 0.012284 12.121998
-0.105029 0.134967 -0.985268 15.747410 -0.295966 0.941611 0.160537 -8.154969 0.949407 0.308467 -0.058950 12.245394
-0.174602 0.139989 -0.974637 16.322790 -0.288254 0.939209 0.186540 -8.179876 0.941501 0.313513 -0.123636 12.405527
-0.246055 0.143310 -0.958603 16.736740 -0.279960 0.936347 0.211843 -8.290210 0.927944 0.320495 -0.190271 12.635770
-0.292699 0.144774 -0.945181 17.403987 -0.273426 0.934526 0.227815 -8.413598 0.916278 0.325118 -0.233950 12.786162
-0.332486 0.141061 -0.932499 17.658972 -0.268542 0.933661 0.236986 -8.497206 0.904068 0.329210 -0.272548 12.987428
-0.370816 0.139996 -0.918094 18.142832 -0.263827 0.931965 0.248670 -8.563892 0.890444 0.334429 -0.308652 13.135901
-0.402558 0.136053 -0.905227 18.772502 -0.260102 0.931133 0.255615 -8.689280 0.877664 0.338351 -0.339448 13.369143
-0.430533 0.131094 -0.893004 19.467949 -0.257576 0.930406 0.260767 -8.770602 0.865041 0.342285 -0.366804 13.594762
-0.470067 0.127516 -0.873371 19.555576 -0.247492 0.930770 0.269102 -8.834407 0.847222 0.342648 -0.405965 13.857543
-0.491161 0.123228 -0.862309 19.963250 -0.247744 0.929298 0.273912 -8.888687 0.835095 0.348166 -0.425906 14.051244
-0.515359 0.123601 -0.848014 20.289484 -0.240520 0.928910 0.281561 -8.904901 0.822530 0.349069 -0.448994 14.258927
-0.524800 0.124467 -0.842077 21.124767 -0.236268 0.929083 0.284575 -9.078443 0.817779 0.348300 -0.458175 14.699151
-0.527123 0.119745 -0.841310 21.781006 -0.240029 0.928728 0.282578 -9.152819 0.815185 0.350892 -0.460812 15.008045
-0.528347 0.122865 -0.840092 22.281359 -0.244117 0.925708 0.288915 -9.273981 0.813177 0.357728 -0.459101 15.241999
-0.531831 0.123174 -0.837845 22.911047 -0.241363 0.926284 0.289383 -9.389559 0.811727 0.356127 -0.462897 15.530596
-0.535424 0.130016 -0.834516 23.582587 -0.246834 0.920852 0.301835 -9.572167 0.807709 0.367597 -0.460954 15.792211
-0.537914 0.138708 -0.831510 24.342281 -0.245307 0.917929 0.311817 -9.760193 0.806519 0.371706 -0.459741 16.200852
-0.535389 0.143821 -0.832271 25.105478 -0.246813 0.915742 0.317017 -9.911786 0.807739 0.375143 -0.454781 16.613134
-0.535908 0.145832 -0.831586 26.026911 -0.248635 0.914028 0.320520 -10.208471 0.806835 0.378531 -0.453576 17.191070
-0.536432 0.148748 -0.830732 26.555965 -0.248863 0.912695 0.324123 -10.464531 0.806417 0.380608 -0.452580 17.577726
-0.535618 0.148102 -0.831372 27.325414 -0.250698 0.912229 0.324020 -10.724515 0.806389 0.381974 -0.451478 18.099913
-0.525905 0.151612 -0.836922 28.532946 -0.251636 0.912201 0.323372 -10.994972 0.812467 0.380662 -0.441580 18.650464
-0.525587 0.156243 -0.836269 29.698820 -0.246241 0.912975 0.325334 -11.331656 0.814324 0.376915 -0.441374 19.241947
-0.522704 0.154134 -0.838465 30.379535 -0.247854 0.913561 0.322453 -11.462962 0.815689 0.376364 -0.439319 19.555927
-0.522147 0.151632 -0.839268 31.143415 -0.250410 0.913437 0.320824 -11.632952 0.815265 0.377678 -0.438978 19.957595
-0.518671 0.145359 -0.842527 31.944030 -0.256926 0.913394 0.315753 -11.782683 0.815456 0.380239 -0.436405 20.303784
-0.508933 0.147365 -0.848098 32.857792 -0.257297 0.914154 0.313243 -11.997821 0.821453 0.377633 -0.427326 20.643648
-0.508571 0.145559 -0.848627 33.270608 -0.255336 0.915775 0.310097 -12.089964 0.822289 0.374391 -0.428570 20.806009
-0.508771 0.147029 -0.848254 33.871376 -0.254238 0.915703 0.311208 -12.250060 0.822505 0.373992 -0.428503 21.030467
