0.999983 -0.001508 0.005624 -0.073840 0.001495 0.999996 0.002254 -0.009404 -0.005628 -0.002246 0.999982 -0.062456
0.999862 -0.002837 0.016347 -0.150271 0.002795 0.999993 0.002623 0.038046 -0.016354 -0.002577 0.999863 -0.537457
0.999889 -0.002154 0.014747 -0.173614 0.002064 0.999979 0.006099 0.039587 -0.014760 -0.006068 0.999873 -0.727174
0.999799 -0.004305 0.019557 -0.255643 0.004206 0.999978 0.005132 0.066773 -0.019578 -0.005048 0.999796 -1.004997
0.999728 -0.002823 0.023138 -0.393918 0.002656 0.999970 0.007257 0.065726 -0.023158 -0.007193 0.999706 -1.187009
0.999970 -0.001894 0.007474 -0.270639 0.001798 0.999914 0.012954 0.066116 -0.007498 -0.012940 0.999888 -1.376818
0.999987 -0.004002 -0.003002 -0.380709 0.004037 0.999927 0.011424 0.091243 0.002956 -0.011436 0.999930 -1.558223
0.999573 0.001477 -0.029172 -0.311128 -0.001120 0.999924 0.012253 0.159944 0.029188 -0.012215 0.999499 -1.998408
0.998026 0.003712 -0.062686 -0.279013 -0.002796 0.999888 0.014684 0.227399 0.062734 -0.014480 0.997925 -2.360868
0.994711 0.008216 -0.102387 -0.339996 -0.006786 0.999875 0.014307 0.268828 0.102491 -0.013537 0.994642 -2.810851
0.988434 0.014355 -0.150972 -0.326559 -0.012890 0.999860 0.010678 0.298334 0.151104 -0.008608 0.988480 -3.299001
0.978112 0.019351 -0.207179 -0.313624 -0.018495 0.999811 0.006068 0.426505 0.207257 -0.002103 0.978284 -3.686609
0.957755 0.030163 -0.285999 -0.124713 -0.028805 0.999545 0.008957 0.494151 0.286139 -0.000340 0.958188 -3.929634
0.928530 0.037588 -0.369350 -0.050725 -0.038011 0.999258 0.006134 0.551912 0.369307 0.008344 0.929270 -4.328903
0.888451 0.045958 -0.456665 0.150439 -0.049447 0.998767 0.004316 0.661627 0.456300 0.018746 0.889628 -4.518228
0.849213 0.048521 -0.525817 0.328228 -0.054244 0.998517 0.004535 0.733077 0.525257 0.024671 0.850586 -4.825062
0.777558 0.058959 -0.626040 0.669073 -0.070285 0.997505 0.006647 0.783157 0.624870 0.038833 0.779762 -5.020636
0.695024 0.067342 -0.715826 0.947307 -0.084865 0.996328 0.011331 0.832533 0.713960 0.052873 0.698187 -5.111719
0.603005 0.073476 -0.794347 1.377438 -0.098490 0.994988 0.017269 0.858030 0.791634 0.067822 0.607219 -5.393362
0.503644 0.075752 -0.860584 1.712499 -0.107933 0.993861 0.024317 0.807913 0.857142 0.080638 0.508728 -5.411750
0.415146 0.081610 -0.906087 2.062413 -0.119706 0.992209 0.034521 0.785382 0.901845 0.094133 0.421681 -5.450163
0.290260 0.087146 -0.952972 2.501077 -0.131473 0.990033 0.050491 0.830107 0.947874 0.110634 0.298824 -5.441408
0.150612 0.092572 -0.984249 2.749919 -0.145560 0.986831 0.070541 0.790287 0.977818 0.132643 0.162104 -5.061338
0.014675 0.101404 -0.994737 2.850690 -0.148694 0.984004 0.098116 0.760757 0.988774 0.146472 0.029518 -4.873918
-0.100832 0.096539 -0.990209 3.423803 -0.149496 0.982511 0.111012 0.773157 0.983608 0.159226 -0.084636 -4.675474
-0.222381 0.089198 -0.970871 3.849274 -0.152383 0.980388 0.124976 0.708885 0.962978 0.175736 -0.204428 -4.437145
-0.343795 0.085237 -0.935168 4.181763 -0.150898 0.977915 0.144607 0.646911 0.926841 0.190830 -0.323340 -4.181859
-0.462394 0.078677 -0.883177 4.513035 -0.151975 0.974283 0.166361 0.591859 0.873553 0.211145 -0.438546 -3.830373
-0.577370 0.070488 -0.813434 4.743546 -0.142638 0.972238 0.185493 0.545738 0.803927 0.223125 -0.551287 -3.444032
-0.670375 0.062720 -0.739367 4.949184 -0.136442 0.969012 0.205911 0.453405 0.729370 0.238918 -0.641044 -3.207441
-0.732733 0.058472 -0.678000 5.023357 -0.126027 0.967408 0.219632 0.440246 0.668745 0.246377 -0.701483 -3.140077
-0.806380 0.048258 -0.589426 5.144452 -0.112369 0.966006 0.232819 0.376469 0.580625 0.253974 -0.773545 -2.835924
-0.870682 0.037625 -0.490405 5.245515 -0.097769 0.963932 0.247539 0.296554 0.482031 0.263474 -0.835600 -2.503366
-0.912030 0.030328 -0.409000 5.371407 -0.083776 0.962457 0.258181 0.270375 0.401475 0.269734 -0.875249 -2.202243
-0.945850 0.022480 -0.323824 5.497652 -0.069552 0.960395 0.269823 0.223156 0.317064 0.277735 -0.906826 -1.820397
-0.966315 0.018350 -0.256707 5.530301 -0.056012 0.958550 0.279363 0.167686 0.251193 0.284332 -0.925234 -1.623946
-0.982378 0.009421 -0.186666 5.622678 -0.044074 0.958888 0.280343 0.112024 0.181633 0.283630 -0.941575 -0.922602
-0.991722 0.001168 -0.128396 5.763424 -0.035248 0.959067 0.280977 0.043438 0.123468 0.283176 -0.951087 -0.552090
-0.996209 -0.002808 -0.086951 5.781527 -0.027837 0.957219 0.288022 0.053916 0.082422 0.289351 -0.953668 -0.435192
-0.998615 -0.004669 -0.052414 5.764679 -0.019915 0.955500 0.294317 -0.033242 0.048707 0.294953 -0.954270 -0.101208
-0.999005 -0.004942 -0.044332 5.788056 -0.017925 0.954549 0.297515 -0.073403 0.040847 0.298014 -0.953687 0.066077
-0.999029 -0.003865 -0.043892 5.828493 -0.017058 0.952389 0.304409 -0.083578 0.040625 0.304862 -0.951530 0.168646
-0.998880 -0.003886 -0.047153 5.915166 -0.017886 0.953678 0.300298 -0.162824 0.043802 0.300805 -0.952679 0.551142
-0.998640 -0.006679 -0.051706 5.844223 -0.022449 0.950199 0.310833 -0.161479 0.047055 0.311571 -0.949057 0.464043
-0.997680 -0.004270 -0.067946 5.876810 -0.025105 0.950770 0.308879 -0.441229 0.063282 0.309868 -0.948671 1.366030
-0.997271 -0.002463 -0.073788 5.900444 -0.025564 0.949136 0.313827 -0.528280 0.069262 0.314857 -0.946609 1.724209
-0.997364 -0.003852 -0.072459 5.803989 -0.026353 0.949637 0.312241 -0.528487 0.067607 0.313328 -0.947235 1.954283
-0.995288 -0.003455 -0.096904 5.849939 -0.033884 0.948757 0.314185 -0.617973 0.090852 0.315988 -0.944403 2.405037
-0.990238 -0.001182 -0.139385 5.913501 -0.046514 0.945448 0.322435 -0.765484 0.131400 0.325770 -0.936273 2.755168
-0.990611 -0.004015 -0.136650 5.976210 -0.046897 0.948895 0.312088 -0.948355 0.128414 0.315566 -0.940174 3.551281
-0.983485 0.001417 -0.180983 6.208810 -0.056943 0.946766 0.316847 -1.123436 0.171797 0.321920 -0.931050 4.041689
-0.971624 0.007806 -0.236402 6.238967 -0.070761 0.944090 0.322005 -1.237567 0.225699 0.329596 -0.916748 4.321431
-0.949255 0.013437 -0.314221 6.535051 -0.090685 0.944960 0.314366 -1.371461 0.301150 0.326909 -0.895790 4.711032
-0.908675 0.017298 -0.417146 6.808908 -0.120327 0.945896 0.301334 -1.433219 0.399789 0.324008 -0.857431 4.841401
-0.848082 0.016591 -0.529605 7.016514 -0.152703 0.949450 0.274274 -1.431373 0.507384 0.313479 -0.802678 5.044256
-0.770559 0.014123 -0.637212 7.279794 -0.180457 0.954012 0.239365 -1.426737 0.611289 0.299435 -0.732574 5.175857
-0.650875 0.011582 -0.759097 7.554667 -0.198824 0.962385 0.185162 -1.358024 0.732688 0.271444 -0.624089 5.234376
-0.490761 0.008392 -0.871254 7.845439 -0.208059 0.969897 0.126537 -1.349752 0.846088 0.243371 -0.474242 5.374164
-0.309353 0.003265 -0.950942 8.022539 -0.205006 0.976251 0.070043 -1.309371 0.928587 0.216617 -0.301337 5.246966
-0.074206 -0.000652 -0.997243 8.105352 -0.180046 0.983576 0.012754 -1.239178 0.980855 0.180496 -0.073104 4.976247
0.048317 -0.017636 -0.998676 8.176595 -0.164979 0.985970 -0.025393 -1.260529 0.985113 0.165987 0.044730 5.110304
0.263444 -0.051752 -0.963286 8.360772 -0.115008 0.989753 -0.084627 -1.144645 0.957795 0.133080 0.254793 4.922383
0.434278 -0.082533 -0.896990 8.579821 -0.049189 0.992135 -0.115102 -1.036522 0.899435 0.094108 0.426803 4.531600
0.572432 -0.098748 -0.813984 8.752767 -0.002225 0.992531 -0.121974 -0.961653 0.819949 0.071633 0.567937 4.259136
0.651887 -0.111722 -0.750041 8.854753 0.035388 0.992492 -0.117079 -0.832884 0.757490 0.049779 0.650947 3.862741
0.687273 -0.117071 -0.716903 8.943383 0.053085 0.992383 -0.111165 -0.747606 0.724457 0.038344 0.688253 3.600809
0.692924 -0.102769 -0.713649 9.091131 0.053400 0.994386 -0.091347 -0.593061 0.719030 0.025188 0.694522 3.238178
0.660592 -0.084464 -0.745978 9.557148 0.035834 0.996066 -0.081048 -0.392849 0.749889 0.026808 0.661020 2.788071
0.617255 -0.068418 -0.783783 9.848785 0.023472 0.997370 -0.068577 -0.255524 0.786413 0.023933 0.617237 2.494551
0.564838 -0.051325 -0.823604 10.156727 0.009392 0.998399 -0.055777 -0.207123 0.825149 0.023770 0.564416 2.136918
0.516900 -0.038443 -0.855182 10.658393 -0.001324 0.998954 -0.045706 -0.183069 0.856044 0.024758 0.516309 1.876606
0.453183 -0.027214 -0.891002 11.235024 -0.011637 0.999268 -0.036440 -0.066634 0.891342 0.026883 0.452534 1.615686
0.389742 -0.019825 -0.920710 11.840395 -0.018836 0.999387 -0.029493 0.065095 0.920731 0.028837 0.389130 1.405374
0.321409 -0.012661 -0.946856 12.301238 -0.027562 0.999362 -0.022720 0.094358 0.946539 0.033400 0.320855 1.425396
0.272586 -0.008878 -0.962090 13.080194 -0.033212 0.999275 -0.018631 0.154539 0.961558 0.037031 0.272094 1.175271
0.232885 -0.009763 -0.972455 13.498325 -0.039265 0.999040 -0.019433 0.194413 0.971711 0.042709 0.232278 1.156907
0.186724 -0.008167 -0.982378 13.939538 -0.045658 0.998813 -0.016982 0.249157 0.981351 0.048024 0.186130 1.158841
0.153849 -0.009325 -0.988050 14.769989 -0.051366 0.998528 -0.017422 0.331015 0.986758 0.053432 0.153143 0.967577
0.125252 -0.011475 -0.992059 15.514925 -0.057256 0.998183 -0.018774 0.447514 0.990471 0.059153 0.124367 0.792842
0.096348 -0.014686 -0.995239 15.959076 -0.058222 0.998096 -0.020364 0.527219 0.993643 0.059907 0.095309 0.754141
0.072895 -0.015221 -0.997223 16.452029 -0.065730 0.997636 -0.020032 0.612540 0.995171 0.067007 0.071722 0.691824
0.047661 -0.014356 -0.998760 16.842660 -0.066646 0.997623 -0.017520 0.721942 0.996638 0.067398 0.046591 0.637240
0.033421 -0.013629 -0.999348 17.488423 -0.065763 0.997710 -0.015806 0.788494 0.997275 0.066249 0.032448 0.653057
0.012859 -0.016811 -0.999776 18.174594 -0.073207 0.997160 -0.017709 0.920666 0.997234 0.073419 0.011591 0.636996
0.012734 -0.010095 -0.999868 18.735007 -0.077791 0.996908 -0.011056 0.963351 0.996888 0.077922 0.011909 0.581664
0.008346 -0.010742 -0.999907 19.426255 -0.076242 0.997025 -0.011347 1.049473 0.997054 0.076330 0.007502 0.510065
0.003397 0.000598 -0.999994 19.827829 -0.075310 0.997160 0.000340 1.139106 0.997154 0.075308 0.003432 0.455835
0.000708 0.011059 -0.999939 20.342040 -0.074019 0.997196 0.010976 1.183606 0.997257 0.074007 0.001525 0.452889
0.004143 0.017610 -0.999836 21.198688 -0.074502 0.997072 0.017252 1.295883 0.997212 0.074418 0.005443 0.418916
0.001296 0.021325 -0.999772 22.003543 -0.076488 0.996846 0.021163 1.333098 0.997070 0.076443 0.002923 0.496707
-0.001840 0.025445 -0.999675 22.522738 -0.076822 0.996718 0.025511 1.288605 0.997043 0.076844 0.000121 0.614080
-0.011279 0.026055 -0.999597 22.995660 -0.079405 0.996480 0.026870 1.315808 0.996779 0.079676 -0.009170 0.659275
-0.003183 0.028728 -0.999582 23.937760 -0.076639 0.996640 0.028887 1.419189 0.997054 0.076699 -0.000971 0.533078
-0.010613 0.031663 -0.999442 24.554042 -0.070554 0.996984 0.032335 1.444126 0.997452 0.070858 -0.008347 0.603247
-0.012295 0.029613 -0.999486 25.067118 -0.070792 0.997027 0.030411 1.519549 0.997415 0.071129 -0.010162 0.590670
-0.013860 0.028848 -0.999488 25.542186 -0.072551 0.996920 0.029780 1.589948 0.997268 0.072926 -0.011725 0.626099
-0.007382 0.024626 -0.999669 26.411940 -0.077660 0.996663 0.025126 1.689958 0.996953 0.077820 -0.005445 0.486189
0.003692 0.024945 -0.999682 27.401597 -0.074570 0.996912 0.024600 1.741707 0.997209 0.074456 0.005541 0.354824
0.003810 0.021513 -0.999761 27.850492 -0.072416 0.997150 0.021181 1.772435 0.997367 0.072318 0.005357 0.302219
0.003265 0.022671 -0.999738 28.304512 -0.071386 0.997198 0.022380 1.780697 0.997443 0.071294 0.004874 0.224048
