0.999996 0.002636 0.000888 0.020129 -0.002638 0.999992 0.003071 -0.039866 -0.000880 -0.003073 0.999995 -0.622272
0.999900 0.002261 0.013971 -0.085276 -0.002318 0.999989 0.004045 -0.051330 -0.013961 -0.004077 0.999894 -0.662035
0.999850 0.002510 0.017118 -0.045217 -0.002603 0.999982 0.005446 -0.044108 -0.017104 -0.005490 0.999839 -1.203977
0.999819 0.001186 0.018980 0.028623 -0.001293 0.999983 0.005620 -0.048293 -0.018973 -0.005644 0.999804 -1.979552
0.999719 0.003519 0.023437 -0.004254 -0.003659 0.999976 0.005944 -0.017734 -0.023415 -0.006028 0.999708 -2.570467
0.999629 0.002908 0.027073 0.060706 -0.003083 0.999975 0.006417 -0.044934 -0.027054 -0.006498 0.999613 -3.230678
0.999515 -0.002260 0.031047 0.063202 0.002042 0.999973 0.007040 -0.049252 -0.031062 -0.006973 0.999493 -4.040946
0.999417 -0.000630 0.034131 0.189544 0.000431 0.999983 0.005823 -0.062522 -0.034134 -0.005804 0.999400 -4.581900
0.999023 0.002408 0.044120 0.022979 -0.002522 0.999994 0.002521 -0.033923 -0.044114 -0.002630 0.999023 -4.635911
0.998677 0.002514 0.051358 -0.097305 -0.002553 0.999997 0.000685 -0.032042 -0.051356 -0.000816 0.998680 -4.853423
0.998404 0.003223 0.056380 -0.178250 -0.003279 0.999994 0.000910 -0.051306 -0.056377 -0.001093 0.998409 -5.248756
0.998042 0.002532 0.062504 -0.179343 -0.002640 0.999995 0.001657 -0.060955 -0.062499 -0.001819 0.998043 -5.121520
0.997197 0.006728 0.074524 -0.312096 -0.006804 0.999977 0.000763 -0.029865 -0.074517 -0.001267 0.997219 -4.643047
0.996167 0.005222 0.087314 -0.572403 -0.005265 0.999986 0.000266 -0.068080 -0.087312 -0.000725 0.996181 -4.217578
0.995391 0.006560 0.095671 -0.755602 -0.006658 0.999978 0.000705 -0.050970 -0.095665 -0.001339 0.995413 -4.004786
0.994475 0.005116 0.104848 -0.964645 -0.005526 0.999978 0.003613 -0.065641 -0.104827 -0.004173 0.994482 -4.024715
0.993447 0.004074 0.114221 -1.064595 -0.004742 0.999973 0.005582 -0.034287 -0.114195 -0.006088 0.993440 -3.942084
0.992734 -0.000325 0.120327 -1.233328 -0.000475 0.999978 0.006621 -0.023069 -0.120326 -0.006630 0.992712 -4.190816
0.991603 0.000681 0.129320 -1.497240 -0.001598 0.999974 0.006991 -0.051201 -0.129312 -0.007139 0.991578 -4.392644
0.990968 0.001247 0.134092 -1.485998 -0.002005 0.999983 0.005513 -0.030234 -0.134083 -0.005732 0.990954 -4.586192
0.990280 0.001647 0.139078 -1.584365 -0.002215 0.999990 0.003929 -0.029826 -0.139070 -0.004199 0.990274 -4.754536
0.989433 0.006978 0.144823 -1.711841 -0.007660 0.999962 0.004152 -0.010507 -0.144789 -0.005218 0.989449 -5.005094
0.988712 0.006526 0.149684 -1.780587 -0.007232 0.999965 0.004171 0.003229 -0.149651 -0.005207 0.988725 -4.671731
0.988390 0.006699 0.151789 -1.769207 -0.007667 0.999954 0.005790 -0.003261 -0.151743 -0.006887 0.988396 -4.913928
0.988157 0.006042 0.153329 -1.867603 -0.006774 0.999968 0.004255 -0.006810 -0.153298 -0.005244 0.988166 -5.354039
0.987471 0.007557 0.157622 -2.091931 -0.007887 0.999968 0.001466 -0.014627 -0.157606 -0.002691 0.987498 -5.522258
0.987123 0.008877 0.159718 -2.353644 -0.008731 0.999961 -0.001611 -0.007004 -0.159726 0.000196 0.987161 -6.394889
0.987370 0.007630 0.158248 -2.435825 -0.006963 0.999964 -0.004769 0.038639 -0.158279 0.003606 0.987388 -7.190036
0.987509 0.005742 0.157456 -2.505742 -0.004958 0.999973 -0.005372 0.045492 -0.157483 0.004524 0.987511 -7.882578
0.987694 0.005027 0.156319 -2.526982 -0.004757 0.999986 -0.002103 0.005280 -0.156328 0.001333 0.987704 -8.774000
0.987952 0.001000 0.154759 -2.542765 -0.001471 0.999995 0.002930 0.014806 -0.154755 -0.003122 0.987948 -9.565105
0.987528 0.000815 0.157441 -2.690386 -0.001966 0.999972 0.007152 -0.020632 -0.157430 -0.007372 0.987503 -10.056284
0.987524 0.005440 0.157374 -2.691259 -0.006248 0.999970 0.004635 0.008043 -0.157344 -0.005561 0.987528 -10.080882
0.987232 0.008607 0.159057 -2.754189 -0.008752 0.999962 0.000211 0.018296 -0.159049 -0.001600 0.987269 -10.278388
0.986590 0.014856 0.162540 -2.867222 -0.014600 0.999890 -0.002767 0.002707 -0.162563 0.000357 0.986698 -10.516498
0.986719 0.020391 0.161149 -2.944239 -0.020250 0.999792 -0.002516 0.041196 -0.161167 -0.000780 0.986927 -11.539915
0.986194 0.021849 0.164145 -3.075417 -0.022377 0.999749 0.001370 0.024146 -0.164074 -0.005025 0.986435 -11.849465
0.985944 0.022987 0.165488 -3.216658 -0.024097 0.999699 0.004700 0.030127 -0.165330 -0.008621 0.986201 -12.623380
0.985329 0.019609 0.169536 -3.410144 -0.020829 0.999768 0.005423 0.033277 -0.169390 -0.008875 0.985509 -13.180500
0.985073 0.020446 0.170917 -3.541095 -0.021512 0.999759 0.004388 0.033040 -0.170786 -0.007999 0.985276 -13.942855
0.985022 0.016526 0.171636 -3.793831 -0.017039 0.999854 0.001519 0.073508 -0.171586 -0.004421 0.985159 -15.044570
0.984820 0.018385 0.172605 -3.900301 -0.018628 0.999826 -0.000217 0.068330 -0.172579 -0.003001 0.984991 -15.734236
0.984740 0.015540 0.173334 -3.921211 -0.015461 0.999879 -0.001805 0.070688 -0.173341 -0.000903 0.984861 -16.384590
0.984823 0.020868 0.172305 -3.918205 -0.020350 0.999782 -0.004772 0.088374 -0.172367 0.001193 0.985032 -17.024682
0.985187 0.013809 0.170927 -3.960696 -0.012804 0.999894 -0.006980 0.117035 -0.171006 0.004688 0.985259 -18.090333
0.984387 0.012478 0.175576 -4.064753 -0.011643 0.999915 -0.005784 0.121611 -0.175633 0.003649 0.984449 -18.310884
0.984458 0.012110 0.175200 -4.093321 -0.011476 0.999923 -0.004629 0.146602 -0.175243 0.002547 0.984522 -19.014152
0.984319 0.008907 0.176173 -4.238608 -0.008606 0.999960 -0.002472 0.152195 -0.176188 0.000917 0.984356 -19.646163
0.984016 0.006648 0.177957 -4.474442 -0.006038 0.999974 -0.003965 0.230221 -0.177979 0.002827 0.984030 -20.440472
0.983369 0.009023 0.181394 -4.515473 -0.008351 0.999955 -0.004468 0.228068 -0.181426 0.002879 0.983400 -20.639285
0.982840 0.009429 0.184217 -4.786448 -0.008608 0.999949 -0.005251 0.233557 -0.184257 0.003575 0.982872 -21.614175
0.982684 0.007669 0.185129 -5.077724 -0.006980 0.999966 -0.004374 0.270677 -0.185157 0.003006 0.982704 -22.523822
0.980899 0.003449 0.194485 -5.320844 -0.003457 0.999994 -0.000300 0.306378 -0.194485 -0.000378 0.980905 -22.041981
0.979549 0.004649 0.201154 -5.608942 -0.005082 0.999986 0.001637 0.254778 -0.201144 -0.002626 0.979558 -22.484294
0.978186 0.005227 0.207665 -5.853640 -0.004980 0.999986 -0.001713 0.261682 -0.207671 0.000641 0.978198 -22.265244
0.977202 0.007250 0.212186 -5.920115 -0.006440 0.999969 -0.004511 0.244423 -0.212212 0.003042 0.977219 -22.193996
0.977007 0.008818 0.213024 -5.948484 -0.007957 0.999956 -0.004901 0.240311 -0.213058 0.003093 0.977035 -22.479595
0.976074 0.011512 0.217132 -6.135622 -0.011117 0.999934 -0.003040 0.229150 -0.217152 0.000554 0.976138 -22.915366
0.975690 0.015276 0.218621 -6.263117 -0.015362 0.999881 -0.001310 0.241140 -0.218615 -0.002080 0.975809 -23.480412
0.975421 0.016532 0.219727 -6.415370 -0.016489 0.999862 -0.002032 0.241194 -0.219730 -0.001641 0.975559 -24.139694
0.974528 0.018314 0.223515 -6.619237 -0.017529 0.999831 -0.005495 0.272025 -0.223578 0.001437 0.974685 -24.831272
0.974141 0.023980 0.224667 -6.733863 -0.022255 0.999700 -0.010212 0.281083 -0.224844 0.004948 0.974382 -25.562173
0.973490 0.020610 0.227797 -7.036558 -0.018437 0.999762 -0.011663 0.293662 -0.227983 0.007154 0.973639 -26.316219
0.974228 0.016330 0.224972 -7.159390 -0.015168 0.999861 -0.006891 0.298133 -0.225053 0.003301 0.974341 -27.818982
0.974602 0.010536 0.223696 -7.279437 -0.010728 0.999942 -0.000356 0.306723 -0.223687 -0.002053 0.974659 -28.807012
0.974499 0.011698 0.224087 -7.520651 -0.013087 0.999903 0.004712 0.304425 -0.224011 -0.007525 0.974558 -29.826426
0.973893 0.006032 0.226928 -7.727791 -0.006934 0.999971 0.003179 0.292833 -0.226902 -0.004669 0.973906 -30.488806
0.974614 0.005582 0.223821 -7.866702 -0.006032 0.999981 0.001328 0.313361 -0.223809 -0.002645 0.974629 -32.036364
0.974180 0.004924 0.225719 -7.971738 -0.005188 0.999986 0.000578 0.309341 -0.225714 -0.001734 0.974192 -32.762659
0.974366 0.004236 0.224930 -8.218198 -0.004450 0.999990 0.000444 0.306219 -0.224926 -0.001433 0.974375 -34.019825
0.974276 0.000469 0.225357 -8.376286 -0.000175 0.999999 -0.001324 0.350456 -0.225358 0.001251 0.974275 -34.822118
0.973164 0.001842 0.230103 -8.525354 -0.001588 0.999998 -0.001290 0.330429 -0.230105 0.000890 0.973165 -35.248695
0.972850 0.001317 0.231432 -8.732465 -0.000947 0.999998 -0.001707 0.358468 -0.231434 0.001442 0.972849 -36.040661
0.972248 0.002430 0.233939 -8.822810 -0.001705 0.999993 -0.003299 0.362361 -0.233946 0.002809 0.972246 -36.317611
0.971993 -0.001520 0.235003 -8.935176 0.003106 0.999975 -0.006377 0.369794 -0.234988 0.006929 0.971974 -36.974521
0.971517 -0.001578 0.236965 -9.143903 0.003957 0.999946 -0.009564 0.422668 -0.236937 0.010229 0.971471 -37.550456
0.971258 -0.004158 0.237994 -9.421587 0.006819 0.999923 -0.010357 0.452668 -0.237933 0.011682 0.971211 -38.787246
0.971618 -0.005162 0.236498 -9.598741 0.006977 0.999952 -0.006838 0.469725 -0.236452 0.008294 0.971608 -39.930675
0.971724 -0.009492 0.235929 -9.680422 0.010055 0.999949 -0.001182 0.551496 -0.235905 0.003521 0.971770 -40.751084
0.971927 -0.008867 0.235113 -9.829582 0.008048 0.999958 0.004441 0.556839 -0.235143 -0.002424 0.971958 -41.414829
0.971818 -0.010081 0.235516 -10.035608 0.008799 0.999940 0.006494 0.551097 -0.235567 -0.004239 0.971849 -42.285723
0.971656 -0.010394 0.236171 -10.181768 0.010120 0.999946 0.002372 0.569622 -0.236183 0.000085 0.971709 -42.930916
0.971556 -0.010291 0.236586 -10.312369 0.010428 0.999945 0.000675 0.588364 -0.236580 0.001811 0.971610 -43.506595
0.971952 -0.008986 0.235007 -10.428002 0.008270 0.999958 0.004031 0.584769 -0.235033 -0.001974 0.971985 -44.432519
0.972198 -0.004305 0.234121 -10.642122 0.002273 0.999957 0.008951 0.571937 -0.234150 -0.008170 0.972166 -45.204272
0.973032 -0.003190 0.230647 -10.670469 -0.000029 0.999903 0.013951 0.537419 -0.230669 -0.013582 0.972937 -45.905548
0.973985 -0.005031 0.226558 -10.896341 0.001774 0.999892 0.014579 0.527285 -0.226607 -0.013798 0.973889 -46.682510
0.975629 -0.009839 0.219207 -11.017693 0.007412 0.999902 0.011893 0.545131 -0.219302 -0.009978 0.975606 -47.791650
0.977280 -0.006947 0.211837 -11.053376 0.005193 0.999947 0.008834 0.548561 -0.211887 -0.007534 0.977265 -48.658856
0.979106 -0.004554 0.203299 -11.160934 0.003517 0.999979 0.005463 0.559116 -0.203319 -0.004634 0.979101 -49.503009
0.981219 0.001312 0.192893 -11.230833 -0.001760 0.999996 0.002151 0.576027 -0.192889 -0.002450 0.981218 -50.329096
0.983352 -0.002286 0.181695 -11.303841 0.001863 0.999995 0.002500 0.562623 -0.181700 -0.002120 0.983352 -51.133843
0.985910 -0.006924 0.167133 -11.352534 0.006383 0.999973 0.003775 0.580731 -0.167155 -0.002655 0.985927 -51.657720
0.988631 -0.011262 0.149937 -11.464093 0.011009 0.999936 0.002519 0.582423 -0.149956 -0.000840 0.988692 -52.218557
0.991826 -0.009376 0.127257 -11.510808 0.009205 0.999956 0.001933 0.591245 -0.127269 -0.000746 0.991868 -52.843189
0.994706 -0.003489 0.102706 -11.610934 0.003554 0.999994 -0.000446 0.626336 -0.102704 0.000808 0.994712 -53.453773
0.997062 -0.002649 0.076553 -11.690083 0.002822 0.999994 -0.002157 0.630081 -0.076547 0.002367 0.997063 -53.779470
0.998891 -0.001226 0.047076 -11.757088 0.001388 0.999993 -0.003408 0.618923 -0.047071 0.003470 0.998886 -54.174617
0.999948 -0.001198 0.010118 -11.811003 0.001250 0.999986 -0.005204 0.672357 -0.010112 0.005217 0.999935 -54.604892
0.999569 -0.001297 -0.029327 -11.815990 0.001138 0.999985 -0.005437 0.692645 0.029333 0.005401 0.999555 -54.919277
0.997365 -0.001905 -0.072521 -11.861204 0.001470 0.999981 -0.006055 0.665200 0.072531 0.005932 0.997349 -55.375296
0.993014 -0.004012 -0.117926 -11.937059 0.003423 0.999981 -0.005197 0.705828 0.117945 0.004757 0.993009 -55.605868
0.986401 -0.004387 -0.164299 -12.160786 0.003840 0.999986 -0.003648 0.690643 0.164313 0.002968 0.986404 -55.715991
0.976932 -0.005383 -0.213482 -12.333443 0.004962 0.999985 -0.002508 0.739282 0.213492 0.001391 0.976944 -55.820151
0.957944 -0.001616 -0.286950 -12.056598 0.000704 0.999994 -0.003281 0.716823 0.286954 0.002941 0.957940 -55.784248
0.935225 -0.003525 -0.354038 -11.957907 0.003780 0.999993 0.000029 0.726019 0.354035 -0.001365 0.935231 -55.936827
0.908399 0.000213 -0.418103 -11.878932 -0.001186 0.999997 -0.002068 0.771348 0.418102 0.002374 0.908397 -56.188681
0.876669 0.000591 -0.481093 -11.766010 -0.000967 0.999999 -0.000534 0.750601 0.481092 0.000934 0.876669 -56.185747
0.841215 -0.003456 -0.540690 -11.568695 0.001230 0.999989 -0.004478 0.812654 0.540700 0.003102 0.841210 -56.444580
0.804164 -0.006976 -0.594367 -11.396417 0.005006 0.999975 -0.004963 0.793666 0.594386 0.001016 0.804179 -56.698178
0.764852 -0.008262 -0.644153 -11.047506 0.004626 0.999962 -0.007333 0.775362 0.644190 0.002629 0.764861 -56.937232
0.717723 -0.007257 -0.696291 -10.939728 0.003462 0.999971 -0.006853 0.808261 0.696320 0.002508 0.717727 -56.962702
0.675894 -0.002234 -0.736995 -10.607325 -0.003544 0.999974 -0.006282 0.814570 0.736990 0.006858 0.675869 -57.267810
0.626355 0.002572 -0.779534 -10.452159 -0.006629 0.999976 -0.002027 0.783329 0.779510 0.006437 0.626357 -57.252528
0.581573 0.003605 -0.813487 -10.222496 -0.004369 0.999990 0.001308 0.766634 0.813483 0.002794 0.581582 -57.419256
0.537180 0.005362 -0.843451 -10.019118 -0.005254 0.999982 0.003010 0.767934 0.843451 0.002814 0.537198 -57.530032
0.501698 0.004482 -0.865031 -9.538759 -0.007157 0.999974 0.001031 0.750399 0.865013 0.005674 0.501717 -57.796063
0.464419 0.010444 -0.885554 -9.330916 -0.021306 0.999773 0.000617 0.754429 0.885359 0.018581 0.464536 -58.002402
0.439539 0.012531 -0.898136 -8.811159 -0.028167 0.999603 0.000162 0.778194 0.897782 0.025226 0.439718 -58.418212
0.412667 0.013550 -0.910781 -8.426464 -0.022524 0.999735 0.004668 0.794143 0.910604 0.018588 0.412863 -58.712858
0.392443 0.017221 -0.919615 -5.993766 -0.015336 0.999808 0.012178 0.773291 0.919649 0.009324 0.392631 -60.261273
0.349812 0.026144 -0.936455 -2.806104 -0.019917 0.999592 0.020467 0.690633 0.936608 0.011491 0.350190 -61.739845
0.312089 0.037439 -0.949315 0.318478 -0.028678 0.999139 0.029976 0.636138 0.949620 0.017869 0.312894 -62.881506
0.280253 0.045344 -0.958855 3.365623 -0.026352 0.998871 0.039534 0.496359 0.959564 0.014188 0.281131 -64.073136
0.256488 0.038435 -0.965783 7.860061 -0.023710 0.999159 0.033466 0.321750 0.966256 0.014315 0.257184 -65.480742
0.233665 0.038450 -0.971557 15.382218 -0.022182 0.999169 0.034208 0.092993 0.972064 0.013558 0.234324 -67.386014
0.214620 0.041532 -0.975814 21.072668 -0.021136 0.999059 0.037873 -0.085808 0.976469 0.012497 0.215296 -68.615812
0.203254 0.042983 -0.978182 26.027100 -0.014764 0.999057 0.040832 -0.332486 0.979015 0.006143 0.203697 -69.621157
0.190277 0.044198 -0.980735 29.904743 -0.016487 0.998989 0.041822 -0.484107 0.981592 0.008212 0.190813 -70.226314
0.186229 0.044008 -0.981520 33.557392 -0.015608 0.999003 0.041830 -0.573591 0.982382 0.007530 0.186730 -70.970760
0.178234 0.044722 -0.982971 35.857309 -0.019467 0.998931 0.041919 -0.648685 0.983795 0.011664 0.178915 -71.234799
0.180716 0.045650 -0.982475 37.857803 -0.027822 0.998760 0.041289 -0.715515 0.983142 0.019873 0.181761 -71.601460
0.184990 0.048359 -0.981550 40.465559 -0.032593 0.998541 0.043054 -0.819108 0.982200 0.024027 0.186297 -71.926760
0.192517 0.046737 -0.980180 42.756010 -0.033737 0.998590 0.040988 -0.923413 0.980713 0.025177 0.193822 -72.373584
0.201304 0.039793 -0.978720 44.848625 -0.029222 0.998974 0.034606 -0.921941 0.979093 0.021634 0.202260 -72.804912
0.209444 0.048537 -0.976615 46.742999 -0.028599 0.998644 0.043498 -1.012473 0.977402 0.018820 0.210548 -73.329218
0.211896 0.054587 -0.975767 49.443540 -0.019541 0.998476 0.051614 -1.136287 0.977097 0.008131 0.212640 -73.910878
0.212628 0.053469 -0.975669 51.436902 -0.012668 0.998569 0.051963 -1.218575 0.977051 0.001311 0.213001 -74.307435
0.214627 0.048721 -0.975480 53.568865 -0.008080 0.998809 0.048109 -1.310197 0.976663 -0.002443 0.214766 -74.763456
0.211214 0.049739 -0.976174 55.126837 -0.004566 0.998744 0.049901 -1.394059 0.977429 -0.006083 0.211176 -75.015176
0.208466 0.049998 -0.976751 57.118886 -0.001098 0.998704 0.050888 -1.495180 0.978029 -0.009536 0.208251 -75.385858
0.196438 0.049625 -0.979260 59.169598 0.003923 0.998671 0.051395 -1.674266 0.980508 -0.013938 0.195982 -75.725734
0.182756 0.048517 -0.981961 62.285361 0.003018 0.998749 0.049908 -1.731744 0.983154 -0.012085 0.182381 -76.273835
0.170942 0.047862 -0.984118 65.718844 0.004550 0.998770 0.049365 -1.861169 0.985271 -0.012916 0.170514 -77.184324
0.152539 0.045457 -0.987252 68.113363 0.006735 0.998871 0.047032 -1.960801 0.988275 -0.013823 0.152060 -77.619068
0.134241 0.047080 -0.989830 71.608933 0.008185 0.998784 0.048616 -2.111627 0.990915 -0.014628 0.133692 -78.207788
0.127183 0.050293 -0.990603 74.977761 0.007047 0.998643 0.051605 -2.271780 0.991854 -0.013544 0.126656 -79.036336
0.120924 0.053661 -0.991210 79.219074 0.004013 0.998503 0.054545 -2.470229 0.992654 -0.010573 0.120528 -79.923421
0.107265 0.053891 -0.992769 82.861187 0.007948 0.998451 0.055059 -2.620630 0.994199 -0.013796 0.106670 -80.443226
0.096977 0.053369 -0.993855 85.758179 0.007531 0.998493 0.054353 -2.812855 0.995258 -0.012756 0.096429 -80.831507
0.095672 0.048769 -0.994218 89.207878 0.005022 0.998763 0.049475 -2.929750 0.995400 -0.009727 0.095308 -81.354975
0.086982 0.047242 -0.995089 91.608374 0.001792 0.998866 0.047578 -3.013066 0.996208 -0.005921 0.086799 -81.451983
0.085099 0.050007 -0.995117 94.885887 0.001628 0.998731 0.050328 -3.120546 0.996371 -0.005903 0.084910 -81.767487
0.090593 0.051138 -0.994574 97.365472 0.003256 0.998660 0.051645 -3.191544 0.995883 -0.007917 0.090305 -82.019964
0.102772 0.051880 -0.993351 99.825575 0.001917 0.998627 0.052354 -3.332783 0.994703 -0.007285 0.102531 -82.186920
0.126182 0.055188 -0.990471 102.039770 -0.001280 0.998460 0.055470 -3.423630 0.992006 -0.005731 0.126058 -82.496632
0.165039 0.060357 -0.984438 104.242087 -0.005594 0.998167 0.060260 -3.552798 0.986271 -0.004439 0.165075 -82.790606
0.217925 0.061817 -0.974006 106.022673 -0.005641 0.998055 0.062081 -3.638782 0.975949 -0.008035 0.217850 -83.158889
0.290874 0.052891 -0.955298 108.324453 -0.010503 0.998587 0.052090 -3.664146 0.956704 -0.005118 0.291018 -83.767115
0.386521 0.043288 -0.921264 109.515237 -0.011031 0.999043 0.042315 -3.679759 0.922215 -0.006193 0.386629 -84.359454
0.486191 0.039777 -0.872947 110.644444 -0.013630 0.999187 0.037938 -3.712018 0.873746 -0.006547 0.486338 -85.042550
0.596187 0.051752 -0.801176 111.425548 -0.031298 0.998660 0.041219 -3.685903 0.802235 0.000501 0.597008 -85.591116
0.696136 0.061001 -0.715313 112.464400 -0.034140 0.998069 0.051889 -3.758417 0.717097 -0.011701 0.696875 -86.277475
0.768415 0.062010 -0.636940 113.524040 -0.038009 0.997960 0.051303 -3.881461 0.638822 -0.015213 0.769204 -87.054778
0.822890 0.066277 -0.564322 116.791140 -0.057717 0.997787 0.033023 -4.021665 0.565261 0.005396 0.824894 -89.865387
0.874576 0.060934 -0.481045 119.195576 -0.059138 0.998071 0.018909 -4.132062 0.481269 0.011911 0.876492 -92.419050
0.917040 0.055688 -0.394888 120.065276 -0.059619 0.998219 0.002319 -4.164251 0.394313 0.021416 0.918727 -93.375286
0.945216 0.045531 -0.323255 121.195389 -0.049896 0.998741 -0.005225 -4.188707 0.322610 0.021068 0.946298 -95.069919
0.963100 0.044752 -0.265396 121.761925 -0.047670 0.998853 -0.004561 -4.188705 0.264887 0.017044 0.964129 -96.468516
0.970975 0.050311 -0.233831 122.527775 -0.053346 0.998554 -0.006669 -4.156373 0.233157 0.018949 0.972254 -98.820665
0.975816 0.044001 -0.214119 122.938678 -0.046588 0.998889 -0.007051 -4.128769 0.213571 0.016856 0.976782 -100.343357
0.977860 0.037709 -0.205835 123.254960 -0.038752 0.999248 -0.001033 -4.103041 0.205642 0.008987 0.978586 -101.541359
0.977818 0.038977 -0.205796 123.457286 -0.039128 0.999229 0.003335 -4.041602 0.205767 0.004792 0.978589 -103.057200
0.975796 0.041844 -0.214642 123.795232 -0.039742 0.999110 0.014099 -4.042732 0.215041 -0.005227 0.976591 -104.541550
0.973793 0.029485 -0.225518 124.102840 -0.027615 0.999553 0.011440 -4.060004 0.225754 -0.004913 0.974172 -105.597341
0.971767 0.030220 -0.233999 124.498387 -0.030816 0.999524 0.001109 -4.082412 0.233921 0.006133 0.972236 -107.050336
0.969549 0.037258 -0.242047 125.261181 -0.038922 0.999240 -0.002097 -4.080771 0.241785 0.011454 0.970262 -109.794176
0.969203 0.041910 -0.242669 125.873918 -0.041568 0.999114 0.006531 -4.041407 0.242728 0.003757 0.970087 -112.058941
0.969982 0.043490 -0.239258 126.458700 -0.040618 0.999031 0.016924 -4.119602 0.239762 -0.006697 0.970808 -114.085489
0.971193 0.039511 -0.234996 127.244088 -0.038877 0.999217 0.007332 -4.126139 0.235101 0.002015 0.971969 -117.258471
0.971683 0.035227 -0.233650 128.372965 -0.035488 0.999365 0.003088 -4.107265 0.233610 0.005291 0.972316 -121.199446
0.973375 0.036263 -0.226334 128.941026 -0.034221 0.999331 0.012940 -4.125598 0.226651 -0.004850 0.973964 -123.467761
0.973935 0.047475 -0.221805 129.640252 -0.045438 0.998865 0.014282 -4.152576 0.222231 -0.003831 0.974986 -126.030380
0.975298 0.048201 -0.215572 130.102485 -0.047093 0.998838 0.010275 -4.137516 0.215816 0.000130 0.976434 -128.290296
0.975711 0.048922 -0.213531 130.624683 -0.048157 0.998801 0.008786 -4.168424 0.213705 0.001710 0.976897 -130.636501
0.975688 0.040454 -0.215397 131.663405 -0.039403 0.999181 0.009173 -4.092992 0.215592 -0.000463 0.976484 -134.720566
0.975196 0.027318 -0.219651 132.366854 -0.024659 0.999586 0.014839 -4.177448 0.219966 -0.009055 0.975466 -137.190606
0.974459 0.017911 -0.223852 132.726138 -0.015689 0.999808 0.011700 -4.189841 0.224019 -0.007889 0.974553 -138.998226
0.973470 0.019912 -0.227945 133.129702 -0.016701 0.999732 0.016004 -4.189025 0.228202 -0.011773 0.973543 -140.748810
0.973067 0.030691 -0.228469 133.649592 -0.027647 0.999481 0.016512 -4.214276 0.228858 -0.009751 0.973411 -142.570752
0.972262 0.028482 -0.232154 134.161592 -0.025876 0.999563 0.014262 -4.251623 0.232459 -0.007860 0.972574 -144.578306
0.972048 0.023466 -0.233607 134.505996 -0.022933 0.999725 0.004997 -4.233610 0.233660 0.000500 0.972318 -146.245734
0.970652 0.035359 -0.237873 134.976213 -0.029843 0.999197 0.026752 -4.284863 0.238628 -0.018869 0.970928 -147.875053
0.970665 0.038771 -0.237291 135.237214 -0.033666 0.999107 0.025533 -4.274207 0.238069 -0.016796 0.971103 -149.015362
0.970814 0.036097 -0.237102 135.615328 -0.039058 0.999206 -0.007804 -4.239651 0.236632 0.016837 0.971453 -150.614878
0.971358 0.031528 -0.235520 136.108857 -0.029411 0.999489 0.012499 -4.206506 0.235794 -0.005214 0.971789 -152.310276
0.971679 0.037608 -0.233291 136.606250 -0.033685 0.999216 0.020780 -4.247785 0.233890 -0.012333 0.972185 -154.130771
0.972476 0.035164 -0.230336 137.221191 -0.031135 0.999292 0.021107 -4.277356 0.230915 -0.013355 0.972882 -156.203639
0.973834 0.033905 -0.224716 137.719242 -0.029399 0.999295 0.023365 -4.319382 0.225350 -0.016147 0.974144 -158.092898
0.975013 0.026618 -0.220546 138.070563 -0.022175 0.999499 0.022594 -4.376427 0.221036 -0.017139 0.975115 -159.693796
0.975254 0.028076 -0.219299 138.308831 -0.024455 0.999516 0.019209 -4.342231 0.219733 -0.013371 0.975468 -161.222005
0.976668 0.032807 -0.212233 138.466347 -0.028261 0.999302 0.024421 -4.367513 0.212886 -0.017853 0.976914 -161.907507
0.979072 0.036974 -0.200129 138.742290 -0.033635 0.999233 0.020060 -4.359374 0.200717 -0.012909 0.979564 -163.400905
0.981059 0.033607 -0.190773 139.186032 -0.033302 0.999434 0.004801 -4.331483 0.190826 0.001643 0.981623 -165.221814
0.982494 0.028408 -0.184114 139.590961 -0.027854 0.999596 0.005597 -4.244087 0.184199 -0.000371 0.982889 -167.157893
0.982407 0.034829 -0.183475 140.279461 -0.031537 0.999285 0.020834 -4.271827 0.184070 -0.014681 0.982804 -169.358796
0.984784 0.027882 -0.171530 140.768150 -0.024974 0.999506 0.019093 -4.361494 0.171977 -0.014519 0.984994 -170.885840
0.986601 0.021945 -0.161671 141.451410 -0.017740 0.999467 0.027405 -4.452692 0.162186 -0.024170 0.986464 -173.306045
0.988867 0.024137 -0.146832 141.791588 -0.020208 0.999398 0.028195 -4.519820 0.147425 -0.024914 0.988759 -175.290228
0.991129 0.016634 -0.131861 142.017553 -0.014689 0.999769 0.015709 -4.516421 0.132092 -0.013633 0.991144 -176.844928
0.992855 0.017664 -0.118013 142.327077 -0.016415 0.999799 0.011546 -4.565679 0.118193 -0.009527 0.992945 -178.568701
0.993644 0.013766 -0.111726 142.659632 -0.011661 0.999742 0.019477 -4.557231 0.111965 -0.018050 0.993548 -180.774789
0.993901 0.007323 -0.110036 143.119688 -0.004213 0.999586 0.028461 -4.638493 0.110199 -0.027824 0.993520 -182.831093
0.994054 0.002299 -0.108861 143.364629 -0.000777 0.999901 0.014019 -4.698563 0.108883 -0.013851 0.993958 -184.965026
0.994085 0.000161 -0.108600 143.832562 0.001183 0.999924 0.012307 -4.667044 0.108594 -0.012363 0.994009 -187.296555
0.994071 0.014429 -0.107768 144.225146 -0.011675 0.999590 0.026143 -4.721691 0.108101 -0.024729 0.993832 -190.129878
0.994390 0.009615 -0.105341 144.844726 -0.007411 0.999746 0.021291 -4.793922 0.105519 -0.020391 0.994208 -192.864379
0.993863 0.019518 -0.108886 145.472669 -0.018027 0.999730 0.014663 -4.771236 0.109143 -0.012610 0.993946 -195.917372
0.993356 0.026661 -0.111951 145.966986 -0.024310 0.999456 0.022305 -4.828230 0.112484 -0.019435 0.993463 -198.466370
0.992411 0.037200 -0.117202 146.397393 -0.033284 0.998826 0.035202 -4.889896 0.118374 -0.031034 0.992484 -200.767609
0.993130 0.026162 -0.114051 146.759430 -0.024590 0.999582 0.015176 -4.920317 0.114400 -0.012267 0.993359 -202.767466
0.994156 0.024225 -0.105201 147.059274 -0.023162 0.999668 0.011320 -4.942428 0.105441 -0.008818 0.994386 -204.832702
0.994439 0.014174 -0.104354 147.457315 -0.010924 0.999439 0.031651 -5.007211 0.104744 -0.030335 0.994036 -207.168854
0.994124 0.016557 -0.106976 147.858542 -0.013378 0.999449 0.030363 -5.063893 0.107420 -0.028753 0.993798 -209.409618
0.994188 0.015150 -0.106588 148.170944 -0.013303 0.999749 0.018015 -5.118134 0.106835 -0.016492 0.994140 -211.011913
0.994097 0.017752 -0.107035 148.510003 -0.015107 0.999561 0.025472 -5.082921 0.107441 -0.023704 0.993929 -212.839482
0.994018 0.034086 -0.103761 148.690942 -0.030071 0.998746 0.040015 -5.103543 0.104995 -0.036656 0.993797 -214.369171
0.994652 0.028066 -0.099394 148.880716 -0.025456 0.999299 0.027439 -5.173407 0.100094 -0.024762 0.994670 -215.680758
0.994747 0.031033 -0.097546 149.083037 -0.028335 0.999180 0.028927 -5.218199 0.098364 -0.026011 0.994811 -217.215604
0.994925 0.021097 -0.098380 149.349771 -0.017824 0.999262 0.034033 -5.275671 0.099025 -0.032107 0.994567 -218.942969
0.994949 0.020796 -0.098207 149.537899 -0.018096 0.999435 0.028306 -5.338521 0.098741 -0.026386 0.994763 -220.653896
0.995064 0.016050 -0.097930 149.729098 -0.013326 0.999507 0.028413 -5.415462 0.098338 -0.026968 0.994788 -222.368226
0.995282 0.010418 -0.096465 149.938567 -0.006784 0.999257 0.037931 -5.447957 0.096789 -0.037098 0.994613 -223.929614
0.995358 0.008470 -0.095865 150.192386 -0.005799 0.999588 0.028107 -5.466343 0.096064 -0.027421 0.994997 -225.809762
0.995267 0.009115 -0.096752 150.547887 -0.007484 0.999824 0.017208 -5.462234 0.096892 -0.016403 0.995160 -227.577341
0.995170 0.009638 -0.097688 150.838842 -0.006950 0.999589 0.027813 -5.507544 0.097916 -0.027000 0.994828 -228.911185
0.994929 0.014537 -0.099523 150.899958 -0.011032 0.999302 0.035682 -5.504978 0.099973 -0.034404 0.994395 -230.001026
0.994320 0.017441 -0.104993 150.942714 -0.013132 0.999048 0.041595 -5.504236 0.105619 -0.039980 0.993603 -229.858626
0.993528 0.011856 -0.112970 150.938258 -0.008694 0.999558 0.028444 -5.491548 0.113257 -0.027278 0.993191 -230.335177
0.992430 0.002285 -0.122788 151.024014 0.000843 0.999677 0.025410 -5.484828 0.122806 -0.025321 0.992108 -231.282888
0.991019 0.009609 -0.133374 151.056995 -0.004087 0.999126 0.041608 -5.498758 0.133657 -0.040690 0.990192 -232.305682
0.989463 0.005534 -0.144679 151.108965 0.000909 0.999012 0.044430 -5.520152 0.144782 -0.044094 0.988481 -233.037277
0.988146 0.012604 -0.152999 151.086177 -0.007414 0.999379 0.034444 -5.519751 0.153338 -0.032901 0.987626 -233.723772
0.988428 0.014489 -0.151000 150.859156 -0.009946 0.999476 0.030801 -5.508303 0.151368 -0.028943 0.988054 -234.247920
0.990294 0.006407 -0.138843 150.284966 -0.002703 0.999636 0.026851 -5.454545 0.138964 -0.026215 0.989950 -233.587011
0.991535 0.008996 -0.129531 150.051756 -0.005899 0.999688 0.024267 -5.501752 0.129709 -0.023297 0.991278 -233.644650
0.991797 -0.001763 -0.127814 150.169083 0.006436 0.999325 0.036161 -5.519847 0.127664 -0.036687 0.991139 -234.796072
0.992975 0.013230 -0.117581 150.036913 -0.007252 0.998666 0.051129 -5.539280 0.118100 -0.049917 0.991746 -235.301885
0.994653 0.007140 -0.103024 149.858539 -0.003810 0.999465 0.032479 -5.524758 0.103201 -0.031913 0.994148 -235.099572
0.995826 0.013811 -0.090218 149.907629 -0.012800 0.999849 0.011768 -5.571045 0.090367 -0.010564 0.995852 -235.787431
0.996313 0.008148 -0.085400 150.084530 -0.006533 0.999795 0.019168 -5.582796 0.085538 -0.018540 0.996162 -237.337482
0.996573 0.015097 -0.081328 150.253845 -0.012679 0.999465 0.030164 -5.585204 0.081740 -0.029030 0.996231 -238.875687
0.996682 0.024389 -0.077653 150.437390 -0.022766 0.999505 0.021710 -5.646038 0.078145 -0.019870 0.996744 -239.896060
0.996953 0.029085 -0.072378 150.528254 -0.027589 0.999386 0.021579 -5.591395 0.072961 -0.019516 0.997144 -240.788261
0.997128 0.040994 -0.063674 150.177855 -0.039447 0.998900 0.025369 -5.583375 0.064644 -0.022784 0.997648 -239.935107
0.997448 0.038254 -0.060285 150.056871 -0.037264 0.999153 0.017458 -5.567784 0.060901 -0.015167 0.998029 -239.792872
0.997846 0.036912 -0.054236 149.852287 -0.036033 0.999204 0.017103 -5.529709 0.054824 -0.015112 0.998382 -239.636758
0.997829 0.037915 -0.053854 149.854629 -0.036208 0.998822 0.032315 -5.540090 0.055016 -0.030295 0.998026 -239.962997
0.998322 0.034514 -0.046502 149.600939 -0.032842 0.998803 0.036255 -5.513737 0.047698 -0.034667 0.998260 -239.753089
0.998410 0.038383 -0.041275 149.444050 -0.037531 0.999070 0.021224 -5.520367 0.042052 -0.019641 0.998922 -239.619271
0.998943 0.035541 -0.029162 149.010196 -0.035165 0.999293 0.013300 -5.580342 0.029614 -0.012261 0.999486 -237.746722
0.998889 0.045381 -0.012725 148.757054 -0.045255 0.998926 0.009968 -5.599563 0.013163 -0.009382 0.999869 -236.189973
0.998926 0.046107 0.004515 148.799657 -0.046168 0.998828 0.014524 -5.587535 -0.003840 -0.014717 0.999884 -235.519141
0.998051 0.048581 0.039171 148.738986 -0.049279 0.998639 0.017073 -5.556856 -0.038288 -0.018970 0.999087 -234.787917
0.995006 0.049247 0.086816 148.796014 -0.050381 0.998670 0.010916 -5.572473 -0.086163 -0.015235 0.996165 -234.533066
0.988025 0.053578 0.144695 148.850695 -0.054635 0.998501 0.003339 -5.534291 -0.144299 -0.011204 0.989471 -234.434178
0.976123 0.048911 0.211639 149.126457 -0.051497 0.998651 0.006718 -5.543687 -0.211025 -0.017457 0.977325 -234.573970
0.956904 0.036920 0.288049 149.365537 -0.040449 0.999162 0.006305 -5.505629 -0.287575 -0.017684 0.957595 -234.550630
0.926628 0.014594 0.375696 149.300804 -0.017925 0.999825 0.005372 -5.530912 -0.375552 -0.011712 0.926727 -235.005465
0.878055 -0.000389 0.478560 148.541559 -0.002858 0.999978 0.006057 -5.560927 -0.478552 -0.006686 0.878034 -236.218346
0.825370 -0.003058 0.564584 147.712868 0.002178 0.999995 0.002231 -5.599059 -0.564588 -0.000612 0.825373 -237.698904
0.769013 0.001870 0.639230 147.264499 0.013667 0.999719 -0.019366 -5.565161 -0.639087 0.023629 0.768772 -238.773799
0.706316 -0.000398 0.707897 146.647565 0.024575 0.999411 -0.023958 -5.507688 -0.707470 0.034318 0.705910 -239.976991
0.631733 0.003171 0.775180 145.992317 0.024340 0.999417 -0.023925 -5.462718 -0.774804 0.033982 0.631288 -240.671956
0.543809 -0.003950 0.839199 145.406973 0.020222 0.999760 -0.008398 -5.489723 -0.838965 0.021537 0.543759 -241.289066
0.456279 -0.010425 0.889776 144.568513 0.021016 0.999779 0.000936 -5.490658 -0.889589 0.018272 0.456397 -241.955023
0.378735 -0.013223 0.925411 143.653676 0.028186 0.999599 0.002748 -5.487484 -0.925076 0.025043 0.378956 -242.644843
0.307445 -0.015437 0.951441 142.342259 0.029328 0.999547 0.006740 -5.494730 -0.951114 0.025831 0.307759 -243.275484
0.251227 -0.022898 0.967657 141.173801 0.035018 0.999281 0.014555 -5.544929 -0.967295 0.030229 0.251848 -243.818198
0.210695 -0.026788 0.977185 139.134817 0.040114 0.999019 0.018737 -5.534960 -0.976729 0.035251 0.211563 -244.387509
0.180128 -0.030177 0.983180 137.426545 0.042233 0.998845 0.022920 -5.592306 -0.982736 0.037394 0.181194 -244.731138
0.164322 -0.034400 0.985807 136.418813 0.046007 0.998571 0.027177 -5.597319 -0.985333 0.040888 0.165670 -244.852095
0.157179 -0.033335 0.987007 135.311573 0.044031 0.998673 0.026717 -5.616653 -0.986588 0.039259 0.158438 -245.071933
0.156576 -0.033216 0.987107 134.095642 0.042085 0.998751 0.026932 -5.659444 -0.986769 0.037326 0.157778 -245.293570
0.159003 -0.034128 0.986688 132.202706 0.037788 0.998880 0.028460 -5.716143 -0.986555 0.032760 0.160114 -245.824247
0.158825 -0.039499 0.986516 130.448448 0.035506 0.998782 0.034273 -5.755591 -0.986668 0.029584 0.160034 -246.091709
0.158463 -0.040090 0.986551 128.230982 0.035396 0.998764 0.034901 -5.820601 -0.986730 0.029389 0.159686 -246.393420
0.159265 -0.040207 0.986417 126.026244 0.037090 0.998709 0.034720 -5.883881 -0.986539 0.031056 0.160551 -246.708616
0.161695 -0.039544 0.986048 124.236103 0.033918 0.998829 0.034495 -5.935452 -0.986258 0.027867 0.162847 -247.091049
0.163568 -0.035138 0.985906 122.082712 0.033395 0.998990 0.030064 -6.042450 -0.985967 0.028007 0.164576 -247.395414
0.163350 -0.030912 0.986084 119.915646 0.030825 0.999181 0.026216 -6.076361 -0.986087 0.026114 0.164169 -247.794582
0.161986 -0.038270 0.986051 117.739821 0.034501 0.998856 0.033099 -6.157761 -0.986190 0.028658 0.163121 -248.216316
0.158810 -0.034560 0.986704 115.384259 0.027207 0.999161 0.030617 -6.200425 -0.986934 0.021983 0.159617 -248.646262
0.153871 -0.027273 0.987715 113.656580 0.027726 0.999345 0.023275 -6.261661 -0.987702 0.023805 0.154526 -248.990006
0.148258 -0.027991 0.988552 111.546800 0.025860 0.999367 0.024419 -6.261299 -0.988611 0.021944 0.148888 -249.364581
0.145714 -0.034159 0.988737 109.049610 0.024898 0.999214 0.030852 -6.334909 -0.989013 0.020122 0.146450 -249.797804
0.145171 -0.035701 0.988762 106.642430 0.025024 0.999162 0.032403 -6.390638 -0.989090 0.020038 0.145942 -250.328857
0.147152 -0.045331 0.988075 102.946005 0.033371 0.998608 0.040845 -6.545270 -0.988551 0.026963 0.148460 -251.016406
0.149730 -0.046251 0.987644 99.855409 0.034987 0.998528 0.041456 -6.619936 -0.988108 0.028347 0.151128 -251.476769
0.153479 -0.046770 0.987044 97.439401 0.035915 0.998483 0.041727 -6.713097 -0.987499 0.029046 0.154926 -251.880181
0.160023 -0.041691 0.986232 95.308118 0.028273 0.998891 0.037638 -6.788387 -0.986708 0.021861 0.161025 -252.425491
0.166271 -0.044509 0.985075 91.712081 0.023272 0.998880 0.041205 -6.911027 -0.985806 0.016074 0.167120 -253.115872
0.168870 -0.044433 0.984636 87.498146 0.022712 0.998894 0.041182 -7.045723 -0.985377 0.015409 0.169692 -253.934528
0.170471 -0.037399 0.984653 85.457608 0.018654 0.999223 0.034723 -7.104872 -0.985186 0.012449 0.171036 -254.281054
0.169535 -0.037600 0.984807 82.655004 0.020448 0.999191 0.034629 -7.195780 -0.985312 0.014266 0.170167 -254.933819
0.164434 -0.043132 0.985445 80.969236 0.016578 0.999023 0.040960 -7.231523 -0.986249 0.009602 0.164988 -255.251228
0.155188 -0.046147 0.986807 79.120199 0.014330 0.998908 0.044459 -7.315682 -0.987781 0.007242 0.155680 -255.549804
0.146530 -0.044557 0.988202 77.104830 0.015222 0.998968 0.042786 -7.386591 -0.989089 0.008773 0.147057 -255.838528
0.143941 -0.042638 0.988667 72.962622 0.020197 0.998990 0.040143 -7.513610 -0.989380 0.014190 0.144657 -256.622398
0.147674 -0.045570 0.987986 67.686436 0.024964 0.998791 0.042337 -7.669590 -0.988721 0.018412 0.148633 -257.791630
0.156625 -0.046148 0.986579 61.960314 0.029713 0.998676 0.041997 -7.768136 -0.987211 0.022737 0.157789 -259.162315
0.165257 -0.044179 0.985261 56.866329 0.035763 0.998608 0.038779 -7.831600 -0.985602 0.028827 0.166607 -260.454337
0.174178 -0.041937 0.983821 52.114591 0.035669 0.998706 0.036257 -7.944257 -0.984068 0.028777 0.175448 -261.659707
0.182944 -0.039492 0.982330 49.341853 0.037139 0.998757 0.033236 -7.949202 -0.982422 0.030402 0.184184 -262.368525
0.192050 -0.040993 0.980529 46.139734 0.039482 0.998641 0.034018 -8.017485 -0.980591 0.032180 0.193408 -263.166579
0.196278 -0.043509 0.979583 42.323229 0.038537 0.998586 0.036631 -8.114599 -0.979791 0.030560 0.197677 -263.870371
0.201885 -0.042414 0.978490 39.697958 0.035668 0.998718 0.035932 -8.197770 -0.978760 0.027647 0.203139 -264.433167
0.205345 -0.042469 0.977768 36.983649 0.034292 0.998757 0.036178 -8.274138 -0.978089 0.026101 0.206547 -264.939408
0.212680 -0.040222 0.976294 34.843122 0.033914 0.998854 0.033764 -8.264866 -0.976533 0.025929 0.213800 -265.409541
0.220597 -0.038032 0.974623 33.583617 0.028879 0.999056 0.032449 -8.313805 -0.974937 0.020988 0.221487 -265.760567
0.231810 -0.034675 0.972143 32.085508 0.028743 0.999172 0.028785 -8.283188 -0.972336 0.021269 0.232615 -266.217375
0.237932 -0.033677 0.970698 30.455111 0.028105 0.999219 0.027777 -8.300010 -0.970875 0.020672 0.238692 -266.503032
0.247426 -0.032054 0.968377 29.244104 0.027279 0.999287 0.026107 -8.305572 -0.968523 0.019957 0.248124 -266.707125
0.258441 -0.031959 0.965498 28.071407 0.023991 0.999357 0.026658 -8.301088 -0.965729 0.016273 0.259041 -266.990324
0.271388 -0.035985 0.961797 27.397537 0.024525 0.999235 0.030465 -8.347502 -0.962158 0.015321 0.272063 -267.268991
0.279240 -0.034553 0.959600 27.148245 0.022934 0.999307 0.029308 -8.353509 -0.959948 0.013824 0.279839 -267.436365
0.286710 -0.039694 0.957195 26.518811 0.018625 0.999183 0.035857 -8.323904 -0.957836 0.007547 0.287215 -267.675375
0.289479 -0.042295 0.956249 25.915252 0.016924 0.999093 0.039066 -8.379758 -0.957035 0.004875 0.289933 -267.774695
0.291904 -0.042957 0.955483 25.182530 0.018324 0.999059 0.039318 -8.398694 -0.956272 0.006031 0.292416 -268.079693
0.294494 -0.043745 0.954651 24.604574 0.016623 0.999035 0.040651 -8.406184 -0.955509 0.003898 0.294938 -268.215340
0.293657 -0.043266 0.954931 24.179793 0.015159 0.999060 0.040604 -8.423558 -0.955791 0.002552 0.294037 -268.352380
0.293259 -0.043955 0.955022 23.422305 0.016149 0.999028 0.041021 -8.452121 -0.955897 0.003393 0.293684 -268.636901
0.293444 -0.044245 0.954952 22.963799 0.015233 0.999018 0.041606 -8.473414 -0.955855 0.002337 0.293830 -268.847983
0.293381 -0.046703 0.954854 22.387557 0.015589 0.998907 0.044068 -8.435713 -0.955868 0.001957 0.293789 -268.964230
0.292617 -0.046614 0.955093 22.427449 0.015989 0.998910 0.043854 -8.435987 -0.956096 0.002438 0.293043 -268.944931
0.293089 -0.048154 0.954872 22.435921 0.016437 0.998837 0.045326 -8.456267 -0.955944 0.002410 0.293540 -269.000851
0.293116 -0.049235 0.954808 22.445428 0.015947 0.998786 0.046607 -8.457954 -0.955944 0.001565 0.293545 -268.979874
0.293195 -0.049308 0.954780 22.390821 0.016447 0.998781 0.046530 -8.450368 -0.955911 0.002061 0.293649 -268.972882
0.293429 -0.049983 0.954673 22.323062 0.017137 0.998747 0.047023 -8.477190 -0.955827 0.002563 0.293917 -268.977865
0.294441 -0.052154 0.954245 21.958785 0.015351 0.998639 0.049844 -8.509150 -0.955546 -0.000028 0.294841 -269.099300
0.295483 -0.056649 0.953667 21.846946 0.016158 0.998394 0.054299 -8.529977 -0.955211 -0.000635 0.295923 -269.087902
0.303493 -0.058155 0.951057 21.476639 0.018608 0.998307 0.055106 -8.538298 -0.952652 0.000973 0.304061 -269.348789
0.316988 -0.062307 0.946381 21.019258 0.018778 0.998056 0.059420 -8.578860 -0.948244 -0.001065 0.317542 -269.597561
0.335678 -0.062110 0.939927 20.617913 0.021113 0.998069 0.058412 -8.579746 -0.941740 0.000237 0.336341 -269.790937
0.362196 -0.062153 0.930028 19.919358 0.021976 0.998066 0.058141 -8.627951 -0.931843 -0.000620 0.362861 -270.094796
0.394795 -0.055858 0.917070 18.986271 0.025533 0.998432 0.049821 -8.692800 -0.918415 0.003746 0.395602 -270.280093
