1.000000 0.000071 0.000755 -0.022285 -0.000072 0.999999 0.001023 -0.050658 -0.000755 -0.001023 0.999999 0.284731
1.000000 0.000159 0.000931 -0.084491 -0.000164 0.999985 0.005560 -0.244865 -0.000930 -0.005560 0.999984 0.054275
0.999999 0.000550 0.001504 -0.081152 -0.000557 0.999989 0.004703 -0.196656 -0.001502 -0.004704 0.999988 0.344792
0.999993 0.001320 0.003568 -0.169337 -0.001318 0.999999 -0.000612 0.093384 -0.003568 0.000607 0.999993 -0.223270
0.999993 0.001373 0.003334 -0.207700 -0.001373 0.999999 -0.000076 0.379916 -0.003334 0.000072 0.999994 0.004272
0.999993 0.000554 0.003565 -0.239350 -0.000561 0.999998 0.001830 0.749635 -0.003564 -0.001832 0.999992 0.589181
1.000000 -0.000290 0.000761 -0.139189 0.000290 1.000000 -0.000520 1.334239 -0.000761 0.000520 1.000000 0.706766
0.999995 -0.002009 0.002625 -0.273182 0.001998 0.999989 0.004190 1.766612 -0.002633 -0.004184 0.999988 0.900484
0.999988 -0.003893 0.002932 -0.333402 0.003854 0.999906 0.013139 2.150845 -0.002982 -0.013127 0.999909 1.336271
0.999968 -0.003938 0.006902 -0.434504 0.003821 0.999852 0.016801 2.777767 -0.006968 -0.016774 0.999835 0.977388
0.999921 -0.011354 0.005340 -0.464082 0.011201 0.999545 0.027992 3.201255 -0.005656 -0.027930 0.999594 1.071957
0.999905 -0.012772 0.005251 -0.526210 0.012592 0.999372 0.033134 3.873877 -0.005671 -0.033065 0.999437 1.512441
0.999869 -0.014056 0.008079 -0.710751 0.013748 0.999220 0.037012 4.598699 -0.008593 -0.036896 0.999282 1.461635
0.999862 -0.015593 0.005701 -0.773485 0.015358 0.999118 0.039075 5.368336 -0.006305 -0.038982 0.999220 1.084789
0.999835 -0.017988 0.002650 -0.775169 0.017839 0.998670 0.048378 5.988572 -0.003517 -0.048323 0.998826 1.417664
0.999784 -0.020667 0.002051 -0.795846 0.020551 0.998737 0.045854 6.868031 -0.002996 -0.045801 0.998946 0.814411
0.999734 -0.022120 0.006511 -0.987468 0.021707 0.998091 0.057815 7.544303 -0.007777 -0.057659 0.998306 1.436680
0.999649 -0.026284 0.003253 -0.980220 0.026024 0.997640 0.063541 8.211170 -0.004916 -0.063434 0.997974 0.880903
0.999524 -0.029230 0.009821 -1.157925 0.028542 0.997532 0.064147 9.058831 -0.011672 -0.063836 0.997892 1.326088
0.999524 -0.030240 0.006185 -1.153550 0.029756 0.997293 0.067246 9.796121 -0.008202 -0.067030 0.997717 1.038092
0.999427 -0.033847 0.001000 -1.099772 0.033685 0.996786 0.072678 10.441098 -0.003457 -0.072602 0.997355 0.860485
0.999339 -0.035981 0.005192 -1.220612 0.035505 0.996686 0.073189 11.172173 -0.007808 -0.072956 0.997305 0.684700
0.999311 -0.036213 0.008152 -1.298097 0.035435 0.996081 0.081038 11.812171 -0.011055 -0.080693 0.996678 0.754010
0.999153 -0.040381 0.007893 -1.342796 0.039595 0.995817 0.082346 12.565336 -0.011185 -0.081964 0.996573 0.146790
0.998798 -0.048230 0.008784 -1.419318 0.047341 0.995447 0.082731 13.372780 -0.012734 -0.082216 0.996533 0.582482
0.998570 -0.052334 0.010901 -1.521936 0.051323 0.995608 0.078304 14.185336 -0.014951 -0.077632 0.996870 -0.109498
0.998328 -0.056738 0.011079 -1.517829 0.055547 0.994569 0.088016 14.844373 -0.016012 -0.087253 0.996057 0.243961
0.998135 -0.059173 0.014976 -1.688995 0.057575 0.994190 0.090946 15.597533 -0.020271 -0.089915 0.995743 -0.164496
0.989655 -0.135772 0.046365 -1.563725 0.129611 0.984653 0.116873 15.380072 -0.061521 -0.109655 0.992064 0.686914
0.989560 -0.134356 0.052149 -1.794630 0.127286 0.984456 0.121012 16.069537 -0.067597 -0.113110 0.991280 0.630567
0.991171 -0.123682 0.047783 -1.728816 0.117762 0.986771 0.111427 17.045236 -0.060933 -0.104817 0.992623 0.367934
0.990499 -0.127488 0.051553 -1.912441 0.120896 0.985938 0.115370 17.701174 -0.065536 -0.108041 0.991984 0.072679
0.990602 -0.127078 0.050587 -2.015809 0.120610 0.986004 0.115108 18.408118 -0.064507 -0.107925 0.992064 0.410586
0.990244 -0.130701 0.048307 -2.039302 0.124485 0.985563 0.114753 19.094955 -0.062608 -0.107620 0.992219 0.229531
0.989958 -0.134215 0.044370 -2.057727 0.128318 0.984896 0.116256 19.780064 -0.059303 -0.109395 0.992228 0.241583
-0.830367 -0.385656 -0.402195 11.605939 -0.044635 0.765508 -0.641876 38.025554 0.555427 -0.515040 -0.652866 -3.356449
-0.834060 -0.381217 -0.398770 11.437719 -0.044867 0.767316 -0.639697 38.909342 0.549846 -0.515654 -0.657092 -3.442404
-0.835787 -0.379817 -0.396484 11.057243 -0.042302 0.764519 -0.643211 39.591906 0.547422 -0.520815 -0.655042 -3.854060
-0.839081 -0.373996 -0.395057 10.422414 -0.038245 0.764957 -0.642945 39.755901 0.542660 -0.524374 -0.656164 -4.711505
-0.840349 -0.374744 -0.391639 9.752519 -0.045587 0.768820 -0.637838 40.171790 0.540126 -0.518153 -0.663160 -5.257536
-0.842203 -0.369899 -0.392260 9.480488 -0.041956 0.770296 -0.636304 40.745042 0.537525 -0.519440 -0.664266 -5.804189
-0.843104 -0.368385 -0.391750 8.994687 -0.041951 0.771334 -0.635047 41.327264 0.536112 -0.518976 -0.665769 -6.396089
-0.845355 -0.365739 -0.389372 8.467271 -0.038178 0.768379 -0.638855 41.946754 0.532840 -0.525193 -0.663516 -7.223086
-0.848187 -0.365802 -0.383103 8.240626 -0.038325 0.763734 -0.644393 43.118988 0.528309 -0.531883 -0.661808 -7.346244
-0.850203 -0.362066 -0.382182 7.901340 -0.037000 0.765254 -0.642665 43.792493 0.525154 -0.532255 -0.664017 -7.882199
-0.779005 -0.528120 -0.337996 4.897707 -0.238407 0.748044 -0.619349 43.803402 0.579926 -0.401895 -0.708637 -5.919575
-0.781273 -0.524374 -0.338591 4.453343 -0.235439 0.749947 -0.618181 44.354561 0.578084 -0.403251 -0.709372 -6.300192
-0.785035 -0.519890 -0.336801 4.255496 -0.232955 0.751571 -0.617149 45.348452 0.573980 -0.406024 -0.711120 -6.186657
-0.788222 -0.516210 -0.335013 3.910887 -0.232640 0.753944 -0.614367 46.016001 0.569724 -0.406320 -0.714366 -6.211653
-0.792040 -0.510799 -0.334301 3.565587 -0.231090 0.757733 -0.610278 46.474763 0.565040 -0.406111 -0.718195 -6.441270
-0.793530 -0.506064 -0.337948 3.269630 -0.226487 0.761064 -0.607853 46.923789 0.564813 -0.405809 -0.718544 -6.739637
-0.795306 -0.502423 -0.339204 2.913443 -0.221291 0.761553 -0.609153 47.420445 0.564374 -0.409400 -0.716850 -7.267155
-0.798198 -0.504758 -0.328785 3.181498 -0.220571 0.752787 -0.620210 49.804173 0.560561 -0.422530 -0.712208 -5.868199
-0.799078 -0.501654 -0.331387 2.474037 -0.216119 0.754010 -0.620292 49.964886 0.561041 -0.424043 -0.710930 -7.070582
-0.800486 -0.498856 -0.332212 2.077741 -0.212953 0.754847 -0.620368 50.891168 0.560244 -0.425850 -0.710478 -7.408185
-0.803168 -0.494415 -0.332378 1.583108 -0.209368 0.756573 -0.619485 51.689110 0.557751 -0.427961 -0.711170 -7.772305
-0.805107 -0.489809 -0.334501 1.228245 -0.204750 0.758802 -0.618301 52.472670 0.556669 -0.429309 -0.711205 -8.216516
-0.805536 -0.486599 -0.338132 0.899293 -0.201128 0.761298 -0.616419 53.184485 0.557368 -0.428540 -0.711122 -8.648152
-0.806923 -0.484377 -0.338014 0.306438 -0.199063 0.761806 -0.616462 53.751583 0.556101 -0.430152 -0.711141 -9.326922
-0.807983 -0.481942 -0.338963 -0.400793 -0.196341 0.762635 -0.616310 54.086370 0.555531 -0.431415 -0.710821 -10.326419
-0.809876 -0.479887 -0.337357 -1.063499 -0.194153 0.761978 -0.617814 54.806210 0.553540 -0.434854 -0.710279 -10.993084
-0.811725 -0.477811 -0.335857 -1.367129 -0.191436 0.760961 -0.619912 56.223705 0.551774 -0.438903 -0.709161 -10.985584
-0.811234 -0.475089 -0.340866 -1.642177 -0.187875 0.763827 -0.617472 56.791564 0.553717 -0.436874 -0.708900 -11.604392
-0.826814 -0.442908 -0.346715 -1.947771 -0.161480 0.777371 -0.607963 57.531295 0.538798 -0.446685 -0.714261 -11.949966
-0.828208 -0.442619 -0.343745 -2.331310 -0.160736 0.775208 -0.610915 58.326651 0.536876 -0.450712 -0.713178 -12.308303
-0.828997 -0.440965 -0.343969 -2.417956 -0.158188 0.774823 -0.612067 59.523366 0.536415 -0.452990 -0.712081 -12.163679
-0.832848 -0.436470 -0.340380 -2.701034 -0.155699 0.774868 -0.612648 60.656535 0.531152 -0.457246 -0.713305 -12.028094
-0.833472 -0.432459 -0.343952 -3.026947 -0.152161 0.778032 -0.609519 61.106672 0.531198 -0.455681 -0.714271 -12.657195
-0.833949 -0.432480 -0.342767 -3.444850 -0.148815 0.774370 -0.614984 61.986546 0.531397 -0.461856 -0.710145 -13.158687
-0.826741 -0.461180 -0.322200 -3.657725 -0.179658 0.759155 -0.625626 63.089952 0.533125 -0.459345 -0.710479 -13.243156
0.304189 -0.528854 0.792327 -97.841666 0.077710 0.842746 0.532673 40.977940 -0.949437 -0.100461 0.297451 -37.263657
0.300944 -0.531704 0.791659 -98.432811 0.078505 0.841138 0.535092 41.540487 -0.950405 -0.098884 0.294877 -37.311849
0.298576 -0.534442 0.790711 -98.714951 0.078804 0.839479 0.537647 42.249204 -0.951127 -0.098217 0.292765 -37.315243
0.295924 -0.544028 0.785152 -99.321850 0.096527 0.834790 0.542041 42.440014 -0.950322 -0.084615 0.299548 -37.786149
0.292351 -0.542658 0.787434 -100.089802 0.097343 0.836018 0.539999 43.120049 -0.951344 -0.081218 0.297235 -37.828352
0.294640 -0.543700 0.785861 -100.734534 0.100144 0.835407 0.540432 43.694869 -0.950347 -0.080534 0.300592 -38.095344
0.292379 -0.542626 0.787446 -101.560700 0.102304 0.836451 0.538409 44.332136 -0.950815 -0.076860 0.300073 -38.274710
0.295228 -0.543957 0.785462 -101.870573 0.101124 0.835279 0.540448 44.918488 -0.950060 -0.080126 0.301605 -38.372219
0.293936 -0.544077 0.785864 -102.206239 0.102856 0.835414 0.539911 45.715099 -0.950275 -0.077868 0.301520 -38.398206
0.294341 -0.538818 0.789328 -103.540644 0.106209 0.839242 0.533285 46.022353 -0.949780 -0.073134 0.304251 -38.839788
0.291186 -0.537288 0.791538 -104.203461 0.107217 0.840507 0.531086 46.972392 -0.950639 -0.069779 0.302351 -38.860583
0.288771 -0.536638 0.792862 -104.929257 0.108944 0.841182 0.529664 47.743084 -0.951180 -0.066574 0.301373 -38.993823
0.285291 -0.538124 0.793115 -104.918578 0.109468 0.840385 0.530820 48.865592 -0.952169 -0.064618 0.298662 -38.779352
0.284880 -0.534768 0.795529 -106.465523 0.111420 0.842766 0.526622 49.136572 -0.952066 -0.061386 0.299671 -39.289311
0.282856 -0.529406 0.799826 -107.954485 0.112686 0.846446 0.520414 49.503207 -0.952520 -0.057073 0.299079 -39.680202
0.284604 -0.532172 0.797367 -108.231503 0.116515 0.844800 0.522242 50.288168 -0.951538 -0.055727 0.302439 -39.780874
0.285602 -0.530795 0.797927 -108.815062 0.118729 0.845790 0.520137 51.079822 -0.950965 -0.053815 0.304580 -39.949087
0.281412 -0.535374 0.796355 -108.995236 0.119647 0.842994 0.524448 51.918453 -0.952099 -0.052305 0.301284 -39.728599
0.281820 -0.536567 0.795408 -109.354946 0.122269 0.842335 0.524902 52.745589 -0.951645 -0.050674 0.302993 -39.747324
0.281372 -0.533917 0.797347 -110.441645 0.122596 0.844109 0.521967 53.182829 -0.951735 -0.049116 0.302965 -40.039524
0.279426 -0.534900 0.797373 -110.703299 0.125677 0.843683 0.521924 54.083865 -0.951907 -0.045628 0.302972 -39.967657
0.277363 -0.536221 0.797206 -111.102748 0.119805 0.842588 0.525064 54.600555 -0.953266 -0.050124 0.297944 -39.825879
0.274517 -0.527054 0.804272 -112.803838 0.123806 0.848816 0.513987 54.990381 -0.953579 -0.041524 0.298267 -40.198537
0.271115 -0.534770 0.800323 -112.803032 0.123281 0.843908 0.522131 55.699710 -0.954620 -0.042893 0.294723 -39.997788
0.272379 -0.532000 0.801739 -113.428481 0.125732 0.845779 0.518507 56.482010 -0.953940 -0.040426 0.297262 -40.073039
0.270802 -0.534117 0.800865 -113.802892 0.126222 0.844470 0.520518 57.192505 -0.954324 -0.039871 0.296102 -40.050409
0.267330 -0.537243 0.799940 -113.911400 0.125792 0.842506 0.523793 58.034314 -0.955359 -0.039399 0.292808 -39.916672
0.261435 -0.536433 0.802428 -114.341695 0.126028 0.843196 0.522626 58.870862 -0.956958 -0.035504 0.288046 -39.725396
0.262998 -0.533522 0.803857 -115.191809 0.128309 0.845129 0.518936 59.445455 -0.956226 -0.033338 0.290723 -39.920880
0.259847 -0.532928 0.805275 -115.733722 0.127881 0.845566 0.518328 60.104733 -0.957145 -0.031707 0.287869 -39.940579
