0.991396 0.127882 -0.027929 0.123768 -0.129038 0.990642 -0.044481 0.167832 0.021980 0.047702 0.998620 -1.324152
0.969716 0.243221 -0.022251 0.058821 -0.243576 0.969767 -0.014925 0.104771 0.017948 0.019893 0.999641 -1.677776
0.992403 0.116371 -0.039923 -0.040446 -0.119345 0.989407 -0.082643 0.317456 0.029883 0.086780 0.995779 -2.171499
0.970984 0.231532 -0.059865 0.139551 -0.235206 0.969834 -0.064032 0.316246 0.043234 0.076254 0.996151 -2.939621
0.980961 0.184094 -0.061846 0.333945 -0.190585 0.973759 -0.124386 0.317431 0.037325 0.133804 0.990305 -3.521512
0.968187 0.244765 -0.051994 0.381678 -0.248746 0.964020 -0.093758 0.272438 0.027175 0.103709 0.994236 -4.215431
0.898769 0.428946 -0.090660 0.629761 -0.438221 0.885192 -0.156195 0.545699 0.013252 0.180113 0.983557 -5.233217
0.930345 0.340544 -0.135970 0.984964 -0.361539 0.913798 -0.185100 0.913457 0.061214 0.221366 0.973268 -6.413848
0.961822 0.236867 -0.137089 1.075800 -0.262595 0.939847 -0.218476 1.200300 0.077093 0.246134 0.966165 -7.004570
0.982223 0.130764 -0.134681 1.231149 -0.160424 0.957298 -0.240511 1.429221 0.097479 0.257841 0.961257 -7.521722
0.982607 0.066875 -0.173236 1.410841 -0.115446 0.950704 -0.287809 1.936337 0.145449 0.302802 0.941889 -8.526013
0.959941 0.165426 -0.226159 1.769336 -0.241023 0.899121 -0.365362 2.463024 0.142904 0.405235 0.902975 -9.299441
0.957107 0.125057 -0.261355 1.911380 -0.208321 0.923960 -0.320780 2.551511 0.201366 0.361467 0.910381 -9.855833
0.938254 0.249346 -0.239805 2.388102 -0.319510 0.890350 -0.324331 2.718977 0.132639 0.380925 0.915043 -10.376648
0.865981 0.407119 -0.290397 2.355533 -0.491795 0.798576 -0.347007 3.216536 0.090631 0.443317 0.891771 -11.029687
0.896617 0.260379 -0.358162 2.453750 -0.390211 0.846948 -0.361129 3.714284 0.209314 0.463553 0.860991 -11.921543
0.930582 0.105173 -0.350651 2.707775 -0.239257 0.899696 -0.365107 3.948779 0.277080 0.423658 0.862404 -12.293941
0.948179 0.022126 -0.316966 2.948557 -0.157606 0.898951 -0.408715 4.478741 0.275893 0.437491 0.855853 -13.064435
0.928320 0.145545 -0.342109 3.287645 -0.300920 0.834539 -0.461511 5.070377 0.218333 0.531377 0.818516 -13.751093
0.927532 0.069769 -0.367174 3.744317 -0.256111 0.834149 -0.488470 5.523110 0.272198 0.547109 0.791568 -14.085649
0.931631 -0.090376 -0.351988 4.040401 -0.099093 0.868701 -0.485323 6.024760 0.349634 0.487022 0.800353 -14.703239
0.888944 -0.276040 -0.365487 4.326461 0.063287 0.864352 -0.498889 6.446220 0.453623 0.420353 0.785831 -15.220734
0.916104 -0.240972 -0.320445 4.550552 0.068436 0.881487 -0.467223 6.623552 0.395056 0.406095 0.824025 -15.825894
0.932035 -0.151107 -0.329360 4.989222 -0.042778 0.856670 -0.514088 7.216863 0.359835 0.493237 0.791982 -16.392912
0.944813 -0.008521 -0.327498 5.369137 -0.177193 0.827533 -0.532721 7.737637 0.275555 0.561352 0.780355 -17.032358
0.939579 -0.164192 -0.300387 5.425076 -0.033431 0.829269 -0.557849 8.296386 0.340696 0.534185 0.773674 -17.630098
0.888808 -0.340281 -0.306967 5.716153 0.114377 0.813340 -0.570434 9.061290 0.443777 0.471897 0.761824 -18.488808
0.928994 -0.196029 -0.313916 6.195942 -0.020635 0.819448 -0.572782 9.696975 0.369520 0.538589 0.757217 -19.066669
0.957192 -0.063651 -0.282370 6.489581 -0.127776 0.782414 -0.609509 10.337842 0.259726 0.619497 0.740788 -19.790615
0.953182 -0.026681 -0.301217 6.828020 -0.182229 0.744238 -0.642575 11.223630 0.241321 0.667381 0.704532 -20.482557
0.958458 0.098546 -0.267671 7.191451 -0.258856 0.694665 -0.671144 12.033885 0.119803 0.712551 0.691317 -21.143328
0.933774 0.230013 -0.274155 7.460748 -0.357768 0.617774 -0.700255 12.829877 0.008298 0.751963 0.659153 -21.716082
0.945024 0.147576 -0.291806 7.798963 -0.311330 0.678989 -0.664866 13.129098 0.100015 0.719163 0.687606 -22.036609
0.950933 0.043983 -0.306256 8.180055 -0.251748 0.685418 -0.683247 13.846055 0.179861 0.726821 0.662859 -22.505632
0.951653 0.012788 -0.306910 8.166891 -0.221260 0.721596 -0.656006 14.023549 0.213076 0.692197 0.689538 -22.897223
0.937244 0.160263 -0.309659 8.729704 -0.338376 0.632309 -0.696913 15.148756 0.084111 0.757959 0.646857 -23.727753
0.944521 0.115849 -0.307341 8.867954 -0.300044 0.684997 -0.663892 15.561889 0.133616 0.719276 0.681754 -24.245568
0.938993 0.002326 -0.343927 9.365656 -0.241900 0.715314 -0.655599 16.332558 0.244491 0.698799 0.672238 -24.846362
0.936392 0.106985 -0.334252 9.481319 -0.318058 0.661288 -0.679365 16.918602 0.148355 0.742464 0.653252 -25.292235
0.938654 -0.033850 -0.343194 9.674095 -0.210530 0.731958 -0.648008 17.531738 0.273139 0.680508 0.679929 -25.851226
0.951166 0.031685 -0.307049 9.960447 -0.248105 0.670281 -0.699405 18.398462 0.183648 0.741431 0.645410 -26.362638
0.955004 -0.103741 -0.277860 10.319087 -0.127789 0.701499 -0.701120 19.300111 0.267653 0.705080 0.656677 -27.141158
0.957099 0.084557 -0.277149 10.702256 -0.268456 0.618743 -0.738301 20.094596 0.109055 0.781029 0.614898 -27.704072
0.953226 -0.054368 -0.297329 10.820018 -0.193813 0.644905 -0.739280 20.575753 0.231942 0.762327 0.604203 -28.100012
0.948861 -0.022706 -0.314876 11.611527 -0.240142 0.595530 -0.766600 22.126415 0.204924 0.803012 0.559622 -28.938816
0.947764 -0.125113 -0.293411 11.644713 -0.147281 0.644285 -0.750470 22.606746 0.282934 0.754482 0.592204 -29.285983
0.967917 0.002077 -0.251262 11.822899 -0.206804 0.574561 -0.791904 23.348191 0.142721 0.818459 0.556557 -29.709544
0.962044 -0.107998 -0.250614 12.032216 -0.137836 0.600300 -0.787808 24.151464 0.235525 0.792450 0.562629 -30.217958
0.972716 -0.003044 -0.231981 12.648345 -0.193202 0.542949 -0.817239 25.515849 0.128442 0.839760 0.527547 -30.852671
0.969246 0.075302 -0.234292 12.603277 -0.236471 0.548619 -0.801934 25.760693 0.068150 0.832674 0.549554 -31.074315
0.955549 0.215749 -0.200943 12.809865 -0.284510 0.496008 -0.820384 26.707048 -0.077327 0.841087 0.535343 -31.650986
0.941643 0.242184 -0.233783 13.275996 -0.323418 0.458399 -0.827811 28.343325 -0.093317 0.855112 0.509976 -32.449278
0.908953 0.353745 -0.220612 13.529017 -0.365561 0.421884 -0.829686 28.815861 -0.200424 0.834793 0.512788 -32.755050
0.921507 0.299564 -0.247156 13.916664 -0.361359 0.428224 -0.828278 29.939476 -0.142285 0.852576 0.502862 -33.386420
0.944809 0.201888 -0.258027 14.247181 -0.325235 0.483055 -0.812945 30.859498 -0.039483 0.851997 0.522056 -33.913685
0.906138 0.324605 -0.271192 14.575523 -0.393956 0.414260 -0.820480 31.595578 -0.153988 0.850306 0.503257 -34.309175
0.914290 0.248119 -0.320172 15.135985 -0.399098 0.416689 -0.816757 32.437173 -0.069240 0.874533 0.479998 -34.685168
0.862435 0.383107 -0.330808 15.497265 -0.460338 0.321912 -0.827322 33.406523 -0.210462 0.865795 0.453987 -35.020053
0.905594 0.279033 -0.319438 15.709737 -0.412204 0.401527 -0.817841 34.009441 -0.099941 0.872305 0.478639 -35.194133
0.879766 0.336718 -0.335607 16.216112 -0.442098 0.319876 -0.837991 34.987175 -0.174814 0.885607 0.430279 -35.578966
0.915673 0.272383 -0.295550 16.392308 -0.384425 0.378927 -0.841802 35.672202 -0.117301 0.884433 0.451685 -35.962986
0.878622 0.359118 -0.314733 16.753928 -0.425319 0.288901 -0.857695 36.467146 -0.217086 0.887452 0.406575 -36.307764
0.907555 0.288394 -0.305242 16.819406 -0.398392 0.361487 -0.842978 37.071299 -0.132769 0.886654 0.442963 -36.681795
0.864919 0.394544 -0.310240 17.211402 -0.433024 0.274045 -0.858714 38.162060 -0.253781 0.877060 0.407874 -37.029572
0.802140 0.517750 -0.297501 17.585641 -0.467850 0.235324 -0.851903 38.971201 -0.371064 0.822531 0.430992 -37.299761
0.850290 0.415827 -0.322637 18.030772 -0.458272 0.283473 -0.842395 40.016392 -0.258832 0.864136 0.431596 -37.711082
0.832040 0.468520 -0.296981 18.095145 -0.461243 0.286917 -0.839603 40.537474 -0.308162 0.835564 0.454828 -38.101338
0.760880 0.566148 -0.317078 18.704062 -0.499613 0.199324 -0.843005 41.673330 -0.414064 0.799841 0.434516 -38.653445
0.782589 0.522749 -0.338065 19.083195 -0.497242 0.198143 -0.844683 42.328009 -0.374572 0.829140 0.414997 -38.844640
0.732164 0.594909 -0.331691 19.492761 -0.519371 0.172560 -0.836945 43.351390 -0.440670 0.785051 0.435321 -39.447180
0.649478 0.688130 -0.323506 19.904251 -0.522895 0.095305 -0.847053 44.152544 -0.552050 0.719301 0.421718 -39.792905
0.693206 0.636530 -0.338074 20.249317 -0.517948 0.113776 -0.847812 44.515528 -0.501193 0.762813 0.408560 -40.022881
0.598023 0.720348 -0.351378 20.744944 -0.520271 0.015417 -0.853862 45.472617 -0.609661 0.693441 0.383996 -40.369683
0.566312 0.764249 -0.308568 21.020276 -0.490651 0.011794 -0.871276 45.840024 -0.662232 0.644814 0.381659 -40.866118
0.495280 0.825499 -0.270645 21.239594 -0.484938 0.004229 -0.874538 46.591575 -0.720786 0.564387 0.402410 -41.122382
0.509576 0.825623 -0.242239 21.118372 -0.470489 0.031654 -0.881838 46.552983 -0.720397 0.563334 0.404577 -41.079432
0.384935 0.882954 -0.268733 21.418156 -0.485372 -0.053990 -0.872639 47.142167 -0.785009 0.466345 0.407778 -41.368207
0.432611 0.873128 -0.224712 21.570834 -0.489598 0.018223 -0.871758 48.264699 -0.757061 0.487151 0.435365 -41.875686
0.313283 0.916580 -0.248465 21.826474 -0.505245 -0.060665 -0.860841 48.531025 -0.804103 0.395222 0.444092 -42.090494
0.409910 0.889609 -0.201417 21.870354 -0.463502 0.012970 -0.886001 49.106476 -0.785582 0.456538 0.417652 -42.162672
0.348246 0.906304 -0.239452 22.169170 -0.454175 -0.060329 -0.888868 49.563996 -0.820030 0.418298 0.390611 -42.322027
0.427350 0.870496 -0.244150 22.395167 -0.494625 -0.000936 -0.869106 50.074986 -0.756782 0.492175 0.430169 -42.605409
0.536197 0.815627 -0.217360 22.461730 -0.448428 0.057087 -0.891994 50.258954 -0.715126 0.575754 0.396360 -42.657791
0.393804 0.886793 -0.241900 22.728896 -0.465185 -0.034706 -0.884533 51.054737 -0.792793 0.460861 0.398855 -42.893394
0.258599 0.925629 -0.276292 23.011031 -0.423474 -0.148441 -0.893664 51.643487 -0.868214 0.348103 0.353594 -43.181313
0.129819 0.943267 -0.305605 23.273431 -0.415588 -0.228071 -0.880494 52.165478 -0.900241 0.241311 0.362402 -43.417211
0.216559 0.917477 -0.333675 23.477421 -0.488170 -0.194222 -0.850863 52.674045 -0.845454 0.347152 0.405824 -43.488189
0.115800 0.928114 -0.353830 23.821797 -0.471292 -0.262233 -0.842092 53.162398 -0.874342 0.264271 0.407046 -43.775968
0.226260 0.891859 -0.391656 24.207518 -0.477098 -0.249081 -0.842814 53.208075 -0.849226 0.377553 0.369147 -44.427611
0.104954 0.897621 -0.428090 24.549304 -0.386980 -0.359676 -0.849046 53.522906 -0.916096 0.254773 0.309612 -44.811561
0.137699 0.867256 -0.478440 24.974810 -0.370543 -0.402860 -0.836900 53.889080 -0.918551 0.292523 0.265882 -45.225420
0.198412 0.821889 -0.533977 25.702734 -0.467326 -0.399560 -0.788643 54.714299 -0.861533 0.406018 0.304813 -45.500816
0.353012 0.716374 -0.601823 26.127643 -0.506832 -0.394263 -0.766601 54.656564 -0.786450 0.575642 0.223902 -45.913511
0.455412 0.637934 -0.620999 26.695501 -0.534024 -0.362368 -0.763877 54.816931 -0.712333 0.679507 0.175645 -46.224582
0.431082 0.575282 -0.695140 27.104789 -0.613171 -0.378413 -0.693416 55.327060 -0.661959 0.725158 0.189619 -46.043323
0.461578 0.502943 -0.730749 27.507930 -0.710485 -0.283661 -0.644009 55.784113 -0.531185 0.816446 0.226401 -46.074031
0.430168 0.494203 -0.755459 28.100378 -0.651638 -0.409160 -0.638714 55.988962 -0.624759 0.767040 0.146034 -46.148255
0.492224 0.400767 -0.772723 28.823134 -0.683358 -0.371971 -0.628219 55.929043 -0.539200 0.837271 0.090774 -46.388185
0.500787 0.373578 -0.780802 29.031338 -0.750120 -0.262794 -0.606843 56.161658 -0.431894 0.889595 0.148625 -46.272254
0.499720 0.336896 -0.797986 29.478980 -0.746908 -0.298937 -0.593940 56.172786 -0.438644 0.892826 0.102246 -46.153767
0.447375 0.341365 -0.826635 30.071563 -0.707303 -0.430614 -0.560619 56.647261 -0.547336 0.835489 0.048802 -46.067912
0.476139 0.237684 -0.846639 30.506418 -0.770819 -0.350573 -0.531918 56.685361 -0.423237 0.905872 0.016289 -45.974089
0.372154 0.317103 -0.872323 31.073638 -0.757693 -0.439044 -0.482849 56.849963 -0.536100 0.840647 0.076875 -45.988670
0.317187 0.288575 -0.903392 31.344481 -0.724617 -0.540795 -0.427167 56.701803 -0.611819 0.790105 0.037573 -46.008820
0.246349 0.285885 -0.926057 31.899227 -0.818058 -0.451035 -0.356859 56.947832 -0.519705 0.845481 0.122759 -45.976328
0.192975 0.297401 -0.935047 32.092110 -0.754872 -0.563798 -0.335112 56.907362 -0.626840 0.770509 0.115701 -45.958371
0.202574 0.292038 -0.934707 32.263088 -0.809345 -0.487419 -0.327693 57.210196 -0.551293 0.822883 0.137622 -45.948543
0.054702 0.324883 -0.944171 32.495025 -0.804855 -0.545280 -0.234258 57.339485 -0.590944 0.772736 0.231656 -46.086030
0.010771 0.324503 -0.945823 32.670568 -0.725341 -0.648556 -0.230774 57.346767 -0.688306 0.688530 0.228390 -46.236289
-0.045530 0.298595 -0.953293 33.052499 -0.639675 -0.741691 -0.201765 57.370447 -0.767296 0.600612 0.224773 -46.183691
-0.084984 0.353450 -0.931585 33.835541 -0.542397 -0.800706 -0.254313 57.586402 -0.835813 0.483677 0.259758 -46.298741
-0.149009 0.383630 -0.911386 33.825271 -0.430902 -0.854754 -0.289341 57.580178 -0.890011 0.349604 0.292673 -46.267256
-0.136190 0.314115 -0.939566 34.483623 -0.522061 -0.828787 -0.201407 57.603081 -0.841965 0.463081 0.276860 -46.240943
-0.176568 0.281022 -0.943319 34.759766 -0.662102 -0.743053 -0.097431 57.697457 -0.728316 0.607370 0.317265 -46.348972
-0.310782 0.242453 -0.919038 35.114652 -0.584753 -0.811049 -0.016224 57.522584 -0.749319 0.532368 0.393835 -46.440049
-0.301070 0.240925 -0.922666 35.392198 -0.767932 -0.634893 0.084797 57.623826 -0.565364 0.734075 0.376161 -46.503673
-0.330502 0.222497 -0.917204 36.099930 -0.672049 -0.737806 0.063185 57.627301 -0.662661 0.637289 0.393375 -46.701942
-0.263315 0.269267 -0.926370 36.214247 -0.772812 -0.633642 0.035487 57.746305 -0.577432 0.725254 0.374940 -46.779270
-0.274097 0.243284 -0.930421 36.599937 -0.681541 -0.731719 0.009450 57.701521 -0.678508 0.636710 0.366370 -46.635359
-0.251172 0.282557 -0.925783 36.401684 -0.831690 -0.552298 0.057077 57.773796 -0.495181 0.784301 0.373722 -46.661131
-0.220650 0.298353 -0.928600 37.020166 -0.959613 -0.236758 0.151951 57.675550 -0.174519 0.924625 0.338544 -46.935555
-0.259874 0.214229 -0.941579 37.877135 -0.883047 -0.447302 0.141949 57.535594 -0.390761 0.868347 0.305416 -46.939321
-0.285552 0.234767 -0.929163 38.644406 -0.836824 -0.533626 0.122346 57.491727 -0.467103 0.812483 0.348837 -47.320532
-0.320258 0.205033 -0.924876 38.183894 -0.801775 -0.578664 0.149350 57.539544 -0.504571 0.789373 0.349712 -47.248080
-0.325201 0.254179 -0.910844 36.216446 -0.852762 -0.495119 0.166297 57.907882 -0.408707 0.830813 0.377767 -46.750098
-0.372522 0.186973 -0.908993 38.559754 -0.786731 -0.583148 0.202468 57.274603 -0.492221 0.790557 0.364333 -47.541227
-0.394946 0.090547 -0.914231 39.639031 -0.668714 -0.710690 0.218496 56.973425 -0.629951 0.697654 0.341234 -47.839202
-0.396388 0.012882 -0.917993 41.505086 -0.530836 -0.819030 0.217721 56.485060 -0.749059 0.573605 0.331493 -48.480780
-0.410128 0.081329 -0.908394 42.577472 -0.607108 -0.767621 0.205375 56.332094 -0.680599 0.635723 0.364198 -48.814752
-0.419346 -0.006766 -0.907801 44.942472 -0.514622 -0.822011 0.243849 55.428860 -0.747872 0.569432 0.341225 -49.601714
-0.405521 -0.067129 -0.911618 46.058861 -0.380210 -0.894547 0.235003 54.997135 -0.831260 0.441905 0.337234 -50.159755
-0.430864 -0.011081 -0.902349 47.134592 -0.440067 -0.870391 0.220817 54.887708 -0.787843 0.492236 0.370144 -50.653640
-0.415189 -0.088677 -0.905403 48.337065 -0.359802 -0.898085 0.252955 54.292393 -0.835560 0.430790 0.340969 -51.012712
-0.395539 -0.146583 -0.906676 49.911999 -0.281472 -0.920335 0.271584 53.722605 -0.874255 0.362626 0.322770 -51.620185
-0.378726 -0.131857 -0.916068 51.331093 -0.269022 -0.931377 0.245281 53.448727 -0.885547 0.339337 0.317264 -52.248506
-0.392253 -0.052653 -0.918349 52.289508 -0.387025 -0.896245 0.216695 53.072019 -0.834475 0.440424 0.331176 -52.512986
-0.395243 -0.047105 -0.917368 54.367291 -0.429115 -0.873546 0.229736 52.386408 -0.812185 0.484458 0.325049 -53.153619
-0.389101 -0.152248 -0.908527 55.327633 -0.335727 -0.894981 0.293762 51.814635 -0.857839 0.419321 0.297124 -53.618848
-0.353358 -0.184915 -0.917030 57.374110 -0.205751 -0.940904 0.269010 51.188833 -0.912581 0.283737 0.294430 -54.226151
-0.357404 -0.157145 -0.920634 58.531976 -0.354491 -0.889151 0.289390 50.674589 -0.864059 0.429786 0.262080 -54.777182
-0.420343 -0.119170 -0.899506 60.012022 -0.488364 -0.805789 0.334968 49.899253 -0.764730 0.580088 0.280510 -55.422376
-0.412804 -0.131191 -0.901322 61.337077 -0.546580 -0.755905 0.360358 49.048885 -0.728590 0.641402 0.240335 -55.840292
-0.468202 -0.129274 -0.874114 62.849071 -0.617848 -0.659316 0.428446 48.358825 -0.631705 0.740669 0.228821 -56.202444
-0.466059 -0.112238 -0.877606 64.658203 -0.589769 -0.699990 0.402724 47.540899 -0.659516 0.705278 0.260042 -56.807513
-0.493289 -0.052147 -0.868301 66.006866 -0.688557 -0.586575 0.426402 46.930997 -0.531559 0.808215 0.253444 -57.154530
-0.475269 -0.136965 -0.869115 67.270305 -0.569793 -0.704770 0.422652 46.220133 -0.670415 0.696089 0.256914 -57.395002
-0.488959 -0.181223 -0.853274 68.479730 -0.536636 -0.708684 0.458027 45.453178 -0.687707 0.681854 0.249267 -57.730327
-0.537199 -0.144374 -0.831008 69.875978 -0.600315 -0.626638 0.496937 44.393774 -0.592485 0.765821 0.249959 -58.065571
-0.519404 -0.199342 -0.830952 71.652471 -0.543250 -0.673585 0.501160 43.409387 -0.659620 0.711720 0.241571 -58.303527
-0.533386 -0.167584 -0.829105 72.435581 -0.559554 -0.665165 0.494423 42.986192 -0.634349 0.727648 0.261017 -58.740290
-0.496067 -0.247512 -0.832259 74.502301 -0.462663 -0.735753 0.494581 41.787364 -0.734752 0.630401 0.250468 -59.142941
-0.465001 -0.286734 -0.837590 74.854059 -0.362971 -0.801179 0.475778 41.560159 -0.807482 0.525258 0.268473 -59.352035
-0.480331 -0.241372 -0.843221 76.014317 -0.481712 -0.730813 0.483597 40.630755 -0.732964 0.638476 0.234760 -59.697422
-0.435607 -0.311302 -0.844593 76.967659 -0.384209 -0.784225 0.487211 39.993219 -0.814021 0.536733 0.222009 -59.857647
-0.376362 -0.367101 -0.850640 78.263053 -0.279340 -0.830458 0.481984 39.248515 -0.883358 0.419018 0.210006 -60.107396
-0.438080 -0.319456 -0.840258 79.203638 -0.408940 -0.761583 0.502751 38.537820 -0.800533 0.563861 0.202996 -60.186003
-0.402461 -0.249220 -0.880860 80.223502 -0.470066 -0.769424 0.432463 38.095979 -0.785533 0.588112 0.192514 -60.566204
-0.309424 -0.284257 -0.907444 80.671292 -0.388760 -0.833071 0.393520 37.800948 -0.867827 0.474542 0.147264 -60.776421
-0.274426 -0.258695 -0.926157 82.588044 -0.516097 -0.773042 0.368849 37.233557 -0.811378 0.579208 0.078631 -60.235010
-0.254724 -0.300598 -0.919106 83.700368 -0.672337 -0.628087 0.391752 36.631818 -0.695039 0.717738 -0.042114 -60.125458
-0.178488 -0.269510 -0.946312 84.668112 -0.787050 -0.538082 0.301695 35.893048 -0.590503 0.798644 -0.116077 -60.037301
-0.122842 -0.242403 -0.962367 85.331886 -0.871351 -0.437818 0.221503 36.015715 -0.475035 0.865769 -0.157435 -59.720007
-0.060479 -0.238549 -0.969245 85.607665 -0.938488 -0.317140 0.136613 36.350961 -0.339975 0.917887 -0.204695 -59.399134
0.045523 -0.166509 -0.984989 86.114363 -0.971818 -0.235677 -0.005074 36.479779 -0.231294 0.957461 -0.172545 -59.442290
0.200784 -0.191405 -0.960755 87.083291 -0.916040 -0.384283 -0.114881 36.531796 -0.347213 0.903156 -0.252493 -59.266003
0.365024 -0.232530 -0.901492 89.119138 -0.831793 -0.516397 -0.203603 36.047301 -0.418184 0.824175 -0.381914 -58.826822
0.413516 -0.289711 -0.863175 90.337225 -0.865231 -0.420234 -0.273456 35.948694 -0.283512 0.859925 -0.424441 -58.292250
0.410308 -0.372728 -0.832299 91.494723 -0.907703 -0.254867 -0.333344 36.024165 -0.087879 0.892254 -0.442901 -57.637352
0.351282 -0.454964 -0.818296 92.424748 -0.932409 -0.090711 -0.349835 36.283709 0.084934 0.885878 -0.456078 -57.058546
0.467994 -0.396773 -0.789653 93.175363 -0.883680 -0.219766 -0.413296 36.621216 -0.009554 0.891221 -0.453469 -56.600796
0.517221 -0.325278 -0.791629 94.003069 -0.846688 -0.329465 -0.417819 36.896881 -0.124907 0.886367 -0.445815 -56.085606
0.422570 -0.426326 -0.799800 94.798100 -0.905912 -0.171885 -0.387012 37.171782 0.027520 0.888089 -0.458847 -55.575698
0.344029 -0.456695 -0.820411 95.564123 -0.930354 -0.047779 -0.363535 37.530070 0.126826 0.888339 -0.441326 -55.195374
0.373439 -0.418035 -0.828124 97.189399 -0.927642 -0.163702 -0.335680 38.261548 0.004761 0.893559 -0.448920 -54.118316
0.437187 -0.351797 -0.827712 98.011051 -0.891132 -0.293726 -0.345844 38.576761 -0.121453 0.888799 -0.441911 -53.509104
0.369461 -0.388702 -0.844043 99.017320 -0.928899 -0.179323 -0.324022 38.775191 -0.025409 0.903744 -0.427318 -53.110151
0.411698 -0.361820 -0.836416 100.169962 -0.902829 -0.286932 -0.320265 39.222583 -0.124116 0.886993 -0.444791 -52.399919
0.343092 -0.419544 -0.840399 101.533206 -0.938403 -0.192232 -0.287135 39.678034 -0.041086 0.887147 -0.459654 -51.493361
0.270749 -0.481906 -0.833344 102.528116 -0.957256 -0.043262 -0.285990 39.940134 0.101768 0.875154 -0.473020 -51.007579
0.286859 -0.456402 -0.842264 103.318020 -0.954625 -0.062755 -0.291122 40.094469 0.080012 0.887558 -0.453695 -50.645786
0.208186 -0.509316 -0.835018 105.442842 -0.959682 0.058481 -0.274937 40.875804 0.188862 0.858590 -0.476607 -49.297853
0.150878 -0.542410 -0.826454 106.490390 -0.944972 0.166357 -0.281697 41.287512 0.290282 0.823478 -0.487463 -48.484590
0.077336 -0.564649 -0.821700 107.893184 -0.913983 0.289112 -0.284691 41.838354 0.398314 0.773037 -0.493720 -47.397276
0.162028 -0.544229 -0.823142 109.023391 -0.923797 0.209599 -0.320419 42.240501 0.346911 0.812332 -0.468796 -46.797066
0.236582 -0.519974 -0.820765 110.212533 -0.930330 0.122387 -0.345699 42.718516 0.280205 0.845369 -0.454793 -46.248336
0.305187 -0.495829 -0.813028 112.265301 -0.934127 0.010090 -0.356797 43.483019 0.185113 0.868362 -0.460088 -44.896413
0.196803 -0.546420 -0.814060 114.089598 -0.932704 0.151590 -0.327237 44.215823 0.302212 0.823678 -0.479815 -43.776499
0.122948 -0.547708 -0.827587 115.477804 -0.926552 0.235377 -0.293426 44.639188 0.355506 0.802878 -0.478541 -42.985517
0.058878 -0.570196 -0.819396 116.574759 -0.891800 0.338801 -0.299843 45.098998 0.448582 0.748392 -0.488553 -42.161433
0.075766 -0.595763 -0.799578 117.973114 -0.910982 0.284684 -0.298440 45.646512 0.405427 0.751013 -0.521160 -41.058325
0.054366 -0.617890 -0.784383 119.719136 -0.887285 0.330424 -0.321786 46.505462 0.458007 0.713465 -0.530280 -39.746065
-0.069735 -0.631508 -0.772227 121.019591 -0.828115 0.468262 -0.308151 47.154844 0.556204 0.618004 -0.555615 -38.692691
0.043791 -0.633727 -0.772317 122.545762 -0.884792 0.334383 -0.324548 47.800740 0.463924 0.697552 -0.546073 -37.413708
0.108560 -0.608839 -0.785830 123.449726 -0.918759 0.240410 -0.313186 48.152104 0.379601 0.755988 -0.533278 -36.842240
0.016675 -0.624122 -0.781149 124.523066 -0.875285 0.368538 -0.313139 48.650072 0.483320 0.688950 -0.540139 -36.128972
0.060514 -0.616247 -0.785224 125.402979 -0.915720 0.278791 -0.289367 48.982543 0.397235 0.736556 -0.547439 -35.397900
0.154365 -0.605201 -0.780963 126.610819 -0.937400 0.160035 -0.309305 49.467545 0.312174 0.779820 -0.542612 -34.359365
0.196530 -0.603245 -0.772963 127.913863 -0.956055 0.057026 -0.287587 49.893370 0.217564 0.795515 -0.565528 -33.235010
0.065131 -0.638429 -0.766920 129.451620 -0.932647 0.234365 -0.274305 50.678845 0.354864 0.733131 -0.580165 -32.019021
-0.051925 -0.651768 -0.756639 130.791845 -0.878197 0.390535 -0.276140 51.123423 0.475473 0.650139 -0.592659 -30.838650
-0.067433 -0.665913 -0.742976 131.987408 -0.870590 0.403027 -0.282210 51.614461 0.487367 0.627797 -0.606914 -29.609263
0.049737 -0.648532 -0.759561 132.837631 -0.910435 0.283248 -0.301460 51.915343 0.410651 0.706524 -0.576359 -29.211082
0.126640 -0.629588 -0.766539 133.883039 -0.924143 0.205916 -0.321804 52.283302 0.360446 0.749145 -0.555752 -28.473032
0.157573 -0.614598 -0.772943 134.447901 -0.921295 0.190291 -0.339124 52.550599 0.355508 0.765545 -0.536241 -28.244317
0.106756 -0.609598 -0.785489 135.289438 -0.895299 0.284691 -0.342622 52.979690 0.432484 0.739825 -0.515380 -27.671063
0.065978 -0.632070 -0.772097 136.781187 -0.902265 0.292641 -0.316669 53.781408 0.426105 0.717530 -0.550986 -26.226384
0.073654 -0.657829 -0.749558 137.874341 -0.859265 0.339636 -0.382507 54.242012 0.506201 0.672242 -0.540233 -25.182643
-0.022365 -0.670846 -0.741259 139.315152 -0.820675 0.435758 -0.369603 55.106367 0.570957 0.600067 -0.560293 -24.009349
-0.119830 -0.670966 -0.731741 140.667053 -0.737694 0.553439 -0.386669 55.926460 0.664416 0.493467 -0.561286 -22.784576
-0.225388 -0.635528 -0.738448 141.832361 -0.663024 0.655416 -0.361702 56.504210 0.713862 0.408086 -0.569093 -21.673212
-0.305287 -0.574378 -0.759532 142.971315 -0.550320 0.757347 -0.351529 57.036741 0.777141 0.310668 -0.547300 -20.861407
-0.404881 -0.534403 -0.741947 144.060834 -0.445730 0.823842 -0.350155 57.700429 0.798371 0.188937 -0.571757 -19.820138
-0.446052 -0.487579 -0.750536 144.908126 -0.406029 0.857561 -0.315800 57.875528 0.797608 0.163876 -0.580488 -19.069215
-0.518607 -0.400085 -0.755631 146.305874 -0.276343 0.914766 -0.294682 58.392837 0.809123 0.055989 -0.584965 -18.002653
-0.566893 -0.390531 -0.725340 147.449267 -0.202041 0.919509 -0.337167 58.982119 0.798631 -0.044589 -0.600167 -17.310351
-0.600368 -0.349705 -0.719211 148.462398 -0.127969 0.929745 -0.345250 59.575412 0.789419 -0.115241 -0.602941 -16.464672
-0.559288 -0.366152 -0.743727 149.457795 -0.172380 0.928924 -0.327698 59.823176 0.810853 -0.055074 -0.582653 -15.672911
-0.499469 -0.428769 -0.752787 150.595494 -0.302124 0.900592 -0.312498 60.508153 0.811943 0.071352 -0.579360 -14.590423
-0.430995 -0.477940 -0.765387 151.822944 -0.361303 0.868653 -0.338971 61.185695 0.826863 0.130442 -0.547066 -13.521642
-0.446848 -0.485840 -0.751189 153.338343 -0.326206 0.870359 -0.368870 62.174741 0.833016 0.080213 -0.547402 -12.230067
-0.540329 -0.455105 -0.707760 154.415516 -0.200248 0.886497 -0.417161 62.885925 0.817279 -0.083676 -0.570134 -11.285903
-0.575378 -0.400374 -0.713190 155.456338 -0.138726 0.907130 -0.397329 63.339063 0.806036 -0.129676 -0.577485 -10.386122
-0.564511 -0.448894 -0.692692 156.928916 -0.200545 0.888637 -0.412440 64.497316 0.800693 -0.093911 -0.591668 -8.929483
-0.502977 -0.555470 -0.662169 158.438756 -0.321788 0.831405 -0.453010 65.693506 0.802164 -0.014775 -0.596921 -7.281184
-0.537682 -0.494454 -0.682945 159.668547 -0.223384 0.864589 -0.450094 66.422554 0.813018 -0.089449 -0.575327 -6.268380
-0.492464 -0.578741 -0.650029 160.643754 -0.363295 0.815388 -0.450732 67.416511 0.790883 0.014183 -0.611803 -5.087422
-0.350409 -0.674103 -0.650229 161.718679 -0.522202 0.716939 -0.461847 68.470863 0.777508 0.177716 -0.603240 -3.825099
-0.487998 -0.617838 -0.616550 162.682943 -0.376991 0.786279 -0.489533 69.244903 0.787233 -0.006457 -0.616622 -2.732639
-0.593492 -0.553790 -0.584024 163.614428 -0.242808 0.815029 -0.526091 70.228682 0.767340 -0.170425 -0.618178 -1.717002
-0.666890 -0.468683 -0.579305 164.498794 -0.171005 0.852939 -0.493206 71.012537 0.725269 -0.229850 -0.648964 -0.497959
-0.703722 -0.394274 -0.591035 165.243162 -0.097609 0.877652 -0.469254 71.629478 0.703738 -0.272534 -0.656108 0.397971
-0.711987 -0.475345 -0.516838 165.969724 -0.198936 0.842426 -0.500743 72.723177 0.673423 -0.253705 -0.694360 1.631600
-0.698018 -0.510740 -0.501911 166.353462 -0.227597 0.822807 -0.520757 73.192748 0.678948 -0.249264 -0.690577 2.191861
-0.685083 -0.503988 -0.525982 167.264059 -0.222674 0.832365 -0.507528 73.910062 0.693597 -0.230577 -0.682464 3.337601
-0.554799 -0.651344 -0.517638 168.043967 -0.405125 0.754925 -0.515715 74.948113 0.726686 -0.076410 -0.682707 4.564691
-0.393552 -0.759427 -0.518062 168.683298 -0.585485 0.641522 -0.495637 75.667185 0.708748 0.108259 -0.697105 5.719048
-0.478297 -0.742894 -0.468338 169.601276 -0.559950 0.668808 -0.489030 76.926803 0.676526 0.028344 -0.735873 7.678588
-0.406013 -0.760499 -0.506750 169.730364 -0.611729 0.638123 -0.467533 77.267980 0.678927 0.120169 -0.724305 7.994896
-0.552650 -0.703129 -0.447423 170.320607 -0.529839 0.710819 -0.462610 77.932681 0.643311 -0.018599 -0.765379 9.261648
-0.429893 -0.792422 -0.432734 170.671985 -0.678023 0.599831 -0.424838 78.438060 0.596218 0.110769 -0.795144 10.307636
-0.551260 -0.721202 -0.419501 171.231116 -0.599657 0.692073 -0.401805 79.177964 0.580107 0.030057 -0.813985 11.632784
-0.553562 -0.752940 -0.355879 171.446130 -0.639218 0.658049 -0.397958 79.856542 0.533825 0.007190 -0.845564 12.987534
-0.502314 -0.811620 -0.298250 171.562710 -0.708406 0.584058 -0.396279 80.444121 0.495824 0.012226 -0.868337 14.257867
-0.571201 -0.788743 -0.227185 171.712222 -0.681177 0.609938 -0.404937 81.144200 0.457960 -0.076548 -0.885671 15.620096
-0.657945 -0.706338 -0.261143 172.040873 -0.596059 0.700388 -0.392645 81.521130 0.460242 -0.102682 -0.881835 16.350014
-0.726570 -0.630549 -0.272956 172.336641 -0.527794 0.766541 -0.365853 81.877680 0.439920 -0.121753 -0.889745 17.251380
-0.801407 -0.537046 -0.263302 172.578521 -0.447622 0.830500 -0.331520 82.366618 0.396713 -0.147823 -0.905962 18.603704
-0.739074 -0.613619 -0.277923 172.897870 -0.510091 0.779272 -0.364063 83.077976 0.439974 -0.127303 -0.888941 19.908964
-0.799904 -0.514885 -0.308298 173.268103 -0.404449 0.842043 -0.356910 83.370826 0.443367 -0.160803 -0.881798 20.642227
-0.866011 -0.376617 -0.328914 173.591594 -0.259377 0.900730 -0.348439 83.705048 0.427491 -0.216439 -0.877727 21.617572
-0.828191 -0.454856 -0.327423 173.943366 -0.362049 0.880169 -0.306956 84.049263 0.427809 -0.135675 -0.893628 22.898328
-0.766435 -0.553197 -0.326422 174.252516 -0.458844 0.827160 -0.324452 84.610852 0.449489 -0.098895 -0.887795 24.633438
-0.635439 -0.702550 -0.320376 174.622844 -0.589906 0.709422 -0.385657 85.168525 0.498225 -0.056070 -0.865233 26.071544
-0.485596 -0.819170 -0.305217 174.879261 -0.702881 0.573461 -0.420834 85.843786 0.519765 0.010176 -0.854249 27.023433
-0.551302 -0.760637 -0.342779 175.356970 -0.646972 0.649176 -0.399998 86.317934 0.526777 0.001249 -0.850003 28.191043
-0.482545 -0.799279 -0.358195 175.797485 -0.700977 0.597620 -0.389207 86.868969 0.525149 0.063277 -0.848655 29.351245
-0.568118 -0.737032 -0.366095 176.020568 -0.632615 0.675655 -0.378535 87.146760 0.526347 0.016545 -0.850109 30.059502
-0.471682 -0.816587 -0.332718 176.477386 -0.727390 0.573623 -0.376644 87.863409 0.498418 0.064360 -0.864545 31.889213
-0.555362 -0.764566 -0.327127 176.740701 -0.686279 0.643525 -0.338964 88.187603 0.469674 0.036253 -0.882095 32.456828
-0.634241 -0.704289 -0.318928 177.128021 -0.598906 0.708433 -0.373409 88.874017 0.488927 -0.045823 -0.871120 34.389841
-0.513100 -0.816442 -0.264862 177.236301 -0.700416 0.576632 -0.420610 89.210389 0.496131 -0.030301 -0.867719 34.836014
-0.604104 -0.724548 -0.331795 177.432883 -0.591672 0.686710 -0.422319 89.410729 0.533838 -0.058810 -0.843539 35.381908
-0.448892 -0.810595 -0.376074 177.274586 -0.641182 0.585319 -0.496273 89.420801 0.622399 0.018359 -0.782485 36.675032
-0.556109 -0.750792 -0.356447 177.679950 -0.574795 0.657209 -0.487532 90.084354 0.600295 -0.066237 -0.797031 36.808497
-0.340092 -0.859152 -0.382354 178.020689 -0.635576 0.509666 -0.579899 90.745334 0.693095 0.045796 -0.719390 37.642186
-0.294890 -0.863080 -0.410041 178.219099 -0.656626 0.494788 -0.569234 90.833119 0.694178 0.101382 -0.712628 37.791115
-0.446775 -0.804679 -0.391004 178.473221 -0.527284 0.589912 -0.611535 91.200427 0.722747 -0.067049 -0.687852 38.421517
-0.414685 -0.797425 -0.438350 178.430300 -0.527109 0.603174 -0.598613 90.921374 0.741750 -0.017177 -0.670457 38.480570
-0.512747 -0.735994 -0.442045 178.645696 -0.434213 0.666484 -0.606018 91.170844 0.740642 -0.118792 -0.661316 38.410662
-0.629334 -0.643383 -0.435887 178.644033 -0.236571 0.692875 -0.681145 91.429227 0.740252 -0.325549 -0.588256 38.638135
-0.716790 -0.566358 -0.406756 179.174487 -0.070807 0.639443 -0.765571 92.018813 0.693685 -0.519953 -0.498448 38.496962
-0.758007 -0.472561 -0.449568 179.401986 0.047374 0.647552 -0.760547 92.894275 0.650524 -0.597798 -0.468462 39.061198
-0.767720 -0.345221 -0.539841 179.827659 0.197723 0.673734 -0.712031 93.883297 0.609517 -0.653380 -0.448981 39.745744
-0.564745 -0.574976 -0.592001 180.319586 0.103556 0.662303 -0.742045 94.694093 0.818742 -0.480372 -0.314490 40.104934
-0.348082 -0.713465 -0.608117 180.748074 0.065446 0.628607 -0.774965 95.274042 0.935177 -0.309550 -0.172113 40.343017
-0.242841 -0.770041 -0.589970 181.112508 0.084676 0.589027 -0.803665 96.131856 0.966363 -0.245119 -0.077836 40.600743
-0.069209 -0.798802 -0.597599 181.636087 0.115834 0.588549 -0.800120 96.747679 0.990855 -0.124598 0.051795 40.637331
0.111194 -0.779741 -0.616149 182.208038 0.087366 0.625263 -0.775508 97.690212 0.989951 0.032401 0.137648 40.770316
0.288028 -0.752435 -0.592352 182.750389 0.002101 0.619061 -0.785340 98.213147 0.957620 0.224955 0.179887 40.738415
0.227746 -0.752174 -0.618357 183.371137 0.117293 0.651613 -0.749428 98.966705 0.966630 0.098151 0.236627 40.523125
0.184413 -0.781459 -0.596082 184.129855 0.222438 0.623932 -0.749153 100.262398 0.957347 0.005562 0.288888 40.132069
0.217425 -0.794133 -0.567520 184.573398 0.229132 0.606708 -0.761185 101.143739 0.948802 0.035464 0.313875 39.803013
0.103851 -0.796077 -0.596218 185.327645 0.274818 0.599089 -0.752042 102.156297 0.955871 -0.085751 0.280993 39.464321
-0.012311 -0.822340 -0.568863 185.835588 0.320100 0.535727 -0.781366 103.107868 0.947304 -0.191712 0.256635 39.257906
0.071636 -0.807197 -0.585919 186.800922 0.277777 0.580334 -0.765541 104.281645 0.957971 -0.107915 0.265794 39.019136
0.176665 -0.810152 -0.558967 187.445421 0.233632 0.586185 -0.775760 105.485987 0.956141 0.006458 0.292836 38.535685
0.255237 -0.781970 -0.568662 188.434251 0.224452 0.619995 -0.751816 106.702953 0.940466 0.064254 0.333760 37.859150
0.362228 -0.753793 -0.548257 189.373803 0.158036 0.629354 -0.760880 108.231894 0.918594 0.188968 0.347097 37.133006
0.491159 -0.692599 -0.528271 190.142346 0.048390 0.627220 -0.777337 109.375984 0.869725 0.356233 0.341579 36.932385
0.628199 -0.618347 -0.472244 190.887499 -0.019260 0.594411 -0.803930 110.904499 0.777815 0.514123 0.361499 36.345994
0.557078 -0.677982 -0.479588 191.684500 -0.012849 0.570391 -0.821273 112.365928 0.830361 0.463675 0.309041 36.030478
0.665807 -0.573353 -0.477460 192.682969 -0.102171 0.563831 -0.819546 113.821224 0.739096 0.594442 0.316822 35.892783
0.582527 -0.677084 -0.449688 193.443789 0.007283 0.557577 -0.830094 115.674865 0.812778 0.480277 0.329735 35.253787
0.716533 -0.553713 -0.424243 194.193380 -0.134678 0.486928 -0.862996 117.168671 0.684428 0.675502 0.274327 34.927250
0.666247 -0.583130 -0.464838 195.091478 -0.131172 0.521975 -0.842814 118.571549 0.734104 0.622496 0.271274 34.478016
0.577032 -0.681189 -0.450573 195.831343 -0.073437 0.506174 -0.859299 120.182923 0.813414 0.528931 0.242054 34.070503
0.510737 -0.701646 -0.496830 196.374149 -0.038769 0.558502 -0.828597 121.005249 0.858862 0.442457 0.258046 33.898735
0.597681 -0.639511 -0.483532 197.125070 -0.113181 0.529766 -0.840558 122.419038 0.793705 0.557113 0.244250 33.659098
0.461288 -0.750534 -0.473193 198.129013 -0.023268 0.522909 -0.852071 124.343511 0.886945 0.404060 0.223748 33.265201
0.376318 -0.793476 -0.478310 198.859867 -0.024579 0.507528 -0.861285 125.837262 0.926164 0.335874 0.171489 32.946930
0.354362 -0.789585 -0.500982 199.732244 -0.020930 0.528916 -0.848416 127.051806 0.934874 0.311132 0.170902 32.703750
0.458133 -0.777011 -0.431704 200.294835 -0.015044 0.478823 -0.877783 128.708860 0.888756 0.408636 0.207675 32.434637
0.521547 -0.725748 -0.448641 201.866075 -0.061617 0.492409 -0.868180 131.576687 0.850995 0.480440 0.212096 31.812615
0.611251 -0.695883 -0.376987 202.324410 -0.067402 0.428831 -0.900867 133.201024 0.788562 0.576065 0.215220 31.405995
0.463971 -0.810280 -0.358018 203.009308 -0.034188 0.387472 -0.921247 135.318842 0.885190 0.439672 0.152074 31.234641
0.307396 -0.888293 -0.341239 203.371525 0.042682 0.371111 -0.927607 136.670114 0.950624 0.270578 0.151992 30.946064
0.101773 -0.944889 -0.311171 203.816121 0.110849 0.321618 -0.940359 138.234865 0.988613 0.061211 0.137472 30.685567
-0.039461 -0.960223 -0.276432 203.680821 0.120493 0.270056 -0.955275 137.909125 0.991930 -0.071004 0.105044 30.634061
0.116852 -0.962937 -0.243099 203.768736 0.073102 0.252451 -0.964844 138.216023 0.990455 0.094973 0.099892 30.628011
0.073516 -0.971353 -0.225985 203.843155 0.067901 0.230947 -0.970594 139.371978 0.994980 0.056010 0.082934 30.588464
0.014569 -0.972758 -0.231363 204.208665 0.081635 0.231772 -0.969339 141.209788 0.996556 -0.004765 0.082788 30.459750
0.219209 -0.955993 -0.194999 204.470336 0.050438 0.210696 -0.976250 142.942239 0.974373 0.204168 0.094405 30.264932
0.311674 -0.927461 -0.206580 205.078862 0.033461 0.227988 -0.973089 146.047196 0.949600 0.296374 0.102091 30.109329
0.221332 -0.958771 -0.178243 205.194292 0.006811 0.184292 -0.982848 147.206524 0.975175 0.216322 0.047320 30.280591
0.139403 -0.977770 -0.156629 205.308387 0.001184 0.158338 -0.987384 148.363224 0.990235 0.137459 0.023231 30.363009
0.128683 -0.983050 -0.130588 205.438860 0.001443 0.131869 -0.991266 150.907186 0.991685 0.127371 0.018388 30.383186
0.009009 -0.994377 -0.105514 205.537236 0.007604 0.105584 -0.994381 152.226947 0.999931 0.008156 0.008513 30.500419
-0.191969 -0.979425 -0.062237 205.584718 0.015329 0.060416 -0.998056 153.647401 0.981281 -0.192550 0.003415 30.492797
-0.025055 -0.998024 -0.057631 205.471681 0.006522 0.057484 -0.998325 155.428694 0.999665 -0.025389 0.005069 30.594785
-0.012902 -0.995553 -0.093313 205.737531 0.011066 0.093173 -0.995588 156.141519 0.999856 -0.013877 0.009814 30.583015
0.077983 -0.992237 -0.096872 205.709030 -0.020703 0.095535 -0.995211 156.395123 0.996740 0.079616 -0.013092 30.449553
0.042937 -0.997683 -0.052773 205.495658 -0.049471 0.050634 -0.997491 157.628170 0.997852 0.045440 -0.047183 30.656843
0.124039 -0.988852 -0.082383 205.578378 -0.077563 0.073108 -0.994303 158.856871 0.989241 0.129722 -0.067630 30.608265
0.153573 -0.986476 -0.057282 205.306934 -0.136370 0.036257 -0.989994 159.954146 0.978682 0.159848 -0.128957 30.118284
0.251440 -0.967859 0.005243 205.077992 -0.111077 -0.034237 -0.993222 161.131049 0.961478 0.249154 -0.116115 30.135851
0.115204 -0.993201 0.016736 205.135860 -0.099573 -0.028310 -0.994627 161.284806 0.988339 0.112918 -0.102158 31.057282
0.213014 -0.976104 0.042966 204.756286 -0.133220 -0.072581 -0.988425 161.989166 0.967924 0.204825 -0.145497 30.492637
0.251258 -0.967900 -0.006314 204.778550 -0.171405 -0.038074 -0.984465 162.429602 0.952622 0.248437 -0.175470 30.119399
0.348274 -0.937158 0.020963 204.548384 -0.186206 -0.091083 -0.978280 162.765245 0.918712 0.336806 -0.206227 29.953382
0.283186 -0.959029 -0.008345 204.683244 -0.180779 -0.044832 -0.982501 163.077558 0.941873 0.279739 -0.186068 30.393013
0.196509 -0.979417 -0.046119 204.614041 -0.231511 -0.000641 -0.972832 163.237097 0.952779 0.201848 -0.226871 30.010576
0.326899 -0.944535 -0.031464 204.437128 -0.272898 -0.062469 -0.960013 163.649518 0.904800 0.322413 -0.278183 29.655563
0.234099 -0.971343 -0.041123 204.356443 -0.313795 -0.035457 -0.948828 163.651699 0.920179 0.235024 -0.313103 29.545022
0.314474 -0.949110 -0.017237 203.916970 -0.341734 -0.096251 -0.934855 164.097119 0.885621 0.299878 -0.354611 29.111241
0.396304 -0.918054 -0.010928 203.990201 -0.300685 -0.118534 -0.946329 163.878102 0.867486 0.378319 -0.323021 29.209091
0.456133 -0.888457 0.050866 204.050169 -0.238380 -0.177054 -0.954896 163.819828 0.857390 0.423434 -0.292550 29.668224
0.398064 -0.915443 0.059243 203.806886 -0.290463 -0.187033 -0.938429 163.935229 0.870159 0.356347 -0.340354 29.598320
0.505059 -0.860819 0.062496 203.555284 -0.307264 -0.246998 -0.919011 164.242332 0.806539 0.444952 -0.389247 29.324737
0.599539 -0.797829 0.063415 203.276373 -0.310764 -0.305080 -0.900195 164.354084 0.737549 0.519995 -0.430844 29.008403
0.515964 -0.855861 0.035814 202.956111 -0.387070 -0.270238 -0.881560 165.119581 0.764172 0.440990 -0.470712 29.103108
0.609709 -0.792624 0.001679 202.667011 -0.399604 -0.309214 -0.862962 165.558957 0.684523 0.525485 -0.505266 28.853557
