0.999999 0.000383 -0.000986 0.035853 -0.000382 0.999999 0.001258 -0.071431 0.000987 -0.001258 0.999999 0.006961
0.999988 -0.000354 -0.004792 0.065699 0.000350 1.000000 -0.000737 -0.054781 0.004792 0.000735 0.999988 -0.402847
0.999996 0.000703 -0.002783 0.001675 -0.000708 0.999998 -0.001914 -0.002247 0.002782 0.001916 0.999994 -0.261266
0.999999 0.001403 -0.000847 -0.078916 -0.001410 0.999972 -0.007291 0.295403 0.000837 0.007292 0.999973 -0.822769
0.999995 0.001402 -0.002671 -0.082239 -0.001420 0.999975 -0.006872 0.549953 0.002661 0.006875 0.999973 -0.869376
0.999999 -0.001039 -0.001004 -0.162206 0.001031 0.999968 -0.007994 0.937604 0.001012 0.007993 0.999968 -1.297679
0.999965 -0.000630 -0.008307 0.052922 0.000533 0.999932 -0.011618 1.539153 0.008314 0.011614 0.999898 -2.169908
0.999964 -0.002545 -0.008089 0.093600 0.002416 0.999871 -0.015889 2.259344 0.008128 0.015869 0.999841 -3.298304
0.999978 -0.003739 -0.005524 0.020881 0.003670 0.999916 -0.012447 2.908749 0.005570 0.012427 0.999907 -4.777192
0.999949 -0.008623 -0.005305 0.016758 0.008476 0.999594 -0.027187 4.027705 0.005537 0.027140 0.999616 -6.886975
0.999895 -0.010834 -0.009594 0.103055 0.010502 0.999366 -0.034020 5.044006 0.009956 0.033915 0.999375 -8.684559
0.999878 -0.011065 -0.011008 0.174382 0.010612 0.999126 -0.040421 6.068150 0.011446 0.040299 0.999122 -10.562191
0.999844 -0.009947 -0.014586 0.288367 0.009267 0.998900 -0.045972 7.036992 0.015027 0.045830 0.998836 -13.074279
0.999841 -0.007968 -0.015982 0.396275 0.007181 0.998787 -0.048718 8.094812 0.016350 0.048596 0.998685 -15.701718
0.999871 -0.010839 -0.011823 0.373548 0.010226 0.998659 -0.050745 9.082200 0.012357 0.050618 0.998642 -18.083362
0.999763 -0.011819 -0.018310 0.626923 0.010571 0.997707 -0.066845 10.477494 0.019058 0.066636 0.997595 -21.007559
0.999644 -0.013879 -0.022774 0.755212 0.012133 0.997106 -0.075051 11.685778 0.023750 0.074748 0.996920 -23.474601
0.999363 -0.011700 -0.033705 1.042664 0.008868 0.996512 -0.082972 12.986717 0.034559 0.082620 0.995982 -26.590093
0.998114 -0.029478 -0.053848 1.571913 0.025114 0.996479 -0.079999 13.832004 0.056016 0.078495 0.995339 -29.535655
0.997322 -0.043721 -0.058634 1.784562 0.037683 0.994234 -0.100393 15.296868 0.062686 0.097915 0.993219 -32.559121
0.997058 -0.046684 -0.060795 1.937145 0.039860 0.993244 -0.108981 16.550134 0.065472 0.106237 0.992183 -35.380043
0.989580 -0.131631 -0.058346 2.276219 0.122004 0.981779 -0.145690 17.414712 0.076460 0.137053 0.987608 -38.356164
0.983815 -0.170740 0.054372 0.212804 0.176658 0.975005 -0.134748 17.471980 -0.030006 0.142173 0.989387 -39.170893
0.983040 -0.175928 0.051783 0.000157 0.182169 0.969294 -0.165179 19.124039 -0.021134 0.171811 0.984903 -41.858299
0.984184 -0.170232 0.049015 -0.201041 0.176440 0.966692 -0.185405 20.756523 -0.015820 0.191120 0.981439 -44.081226
0.981770 -0.186550 0.036421 -0.187938 0.189998 0.957881 -0.215325 22.551164 0.005282 0.218320 0.975863 -46.748202
0.980252 -0.196097 0.025550 -0.310673 0.196622 0.952666 -0.231876 24.008422 0.021130 0.232321 0.972410 -48.776093
0.967905 -0.228852 0.103863 -1.568621 0.243295 0.956832 -0.158997 23.062078 -0.062993 0.179163 0.981801 -49.910677
0.968069 -0.232546 0.093623 -1.869085 0.246250 0.952073 -0.181434 24.806003 -0.046944 0.198696 0.978936 -52.107859
0.968141 -0.234583 0.087599 -2.164770 0.247842 0.947612 -0.201507 26.234171 -0.035740 0.216798 0.975562 -54.188113
0.968796 -0.234495 0.080285 -2.516630 0.246528 0.945158 -0.214244 27.771527 -0.025643 0.227351 0.973475 -56.367101
0.969256 -0.231163 0.084301 -2.979496 0.243911 0.947794 -0.205413 28.829480 -0.032416 0.219660 0.975038 -58.196356
0.967991 -0.239239 0.075885 -3.228301 0.250568 0.938581 -0.237236 30.368023 -0.014468 0.248656 0.968484 -59.838960
0.981210 -0.039351 -0.188887 0.467759 0.054452 0.995663 0.075436 28.282789 0.185099 -0.084304 0.979097 -61.633271
0.981949 -0.073297 -0.174366 0.616723 0.081933 0.995717 0.042843 29.062017 0.170479 -0.056356 0.983748 -63.600426
0.979722 -0.080512 -0.183474 1.130975 0.085173 0.996210 0.017657 30.125349 0.181357 -0.032926 0.982866 -65.965973
0.975767 -0.058301 -0.210900 1.990231 0.056263 0.998293 -0.015657 31.993713 0.211453 0.003412 0.977382 -69.150113
0.995944 -0.085282 -0.028672 0.867150 0.077772 0.976238 -0.202266 37.611195 0.045240 0.199215 0.978911 -73.685665
0.995497 -0.088586 -0.033729 0.955677 0.078975 0.971909 -0.221713 39.322888 0.052422 0.218051 0.974528 -75.916836
0.994929 -0.092625 -0.039214 1.077154 0.080381 0.966542 -0.243590 41.335866 0.060464 0.239202 0.969085 -78.658661
0.994492 -0.094688 -0.044943 1.235681 0.080132 0.963266 -0.256315 43.484864 0.067562 0.251302 0.965548 -81.880035
0.993638 -0.098501 -0.054607 1.533210 0.079498 0.956865 -0.279446 45.838680 0.079777 0.273327 0.958607 -85.119685
0.991448 -0.119047 -0.053468 1.577022 0.096288 0.943851 -0.316028 48.491297 0.088088 0.308177 0.947242 -88.377451
0.990661 -0.123034 -0.058759 1.802700 0.096392 0.936785 -0.336366 51.162252 0.096429 0.327561 0.939896 -91.968675
0.989982 -0.127632 -0.060381 2.055899 0.098033 0.929100 -0.356599 54.151227 0.101614 0.347107 0.932304 -95.544713
0.988870 -0.132969 -0.066745 2.318524 0.098212 0.920378 -0.378496 57.185035 0.111759 0.367728 0.923193 -98.987301
0.988109 -0.137212 -0.069378 2.512719 0.098933 0.912799 -0.396244 59.908897 0.117697 0.384669 0.915520 -102.125536
0.986088 -0.155986 -0.057433 2.464946 0.118199 0.900942 -0.417532 62.440461 0.116873 0.404935 0.906845 -104.985727
0.985121 -0.160046 -0.062633 2.580930 0.117766 0.894035 -0.432242 64.973955 0.125175 0.418435 0.899580 -107.617836
0.987388 -0.120057 -0.103207 3.079384 0.066200 0.905246 -0.419698 67.585723 0.143816 0.407572 0.901777 -110.149521
0.978004 0.101238 -0.182368 3.384813 -0.145140 0.958235 -0.246413 72.507569 0.149805 0.267462 0.951852 -111.487438
0.977380 0.093667 -0.189616 4.257903 -0.143166 0.952943 -0.267213 74.558618 0.155664 0.288315 0.944798 -114.569172
0.976070 0.086640 -0.199450 5.255100 -0.143010 0.946704 -0.288617 76.780313 0.163814 0.310234 0.936440 -117.709843
0.978209 0.076332 -0.193080 5.514959 -0.132168 0.946135 -0.295566 78.447725 0.160119 0.314644 0.935607 -118.857136
0.977341 0.073260 -0.198587 6.217163 -0.131917 0.944524 -0.300787 80.368615 0.165535 0.320168 0.932786 -120.817410
0.976409 0.068340 -0.204827 6.961628 -0.130981 0.941598 -0.310221 82.376105 0.171665 0.329731 0.928336 -122.727648
0.975347 0.065388 -0.210768 7.708063 -0.131786 0.938669 -0.318642 84.371384 0.177006 0.338563 0.924145 -124.440843
0.975891 0.058349 -0.210314 8.242236 -0.126089 0.937256 -0.325042 86.407841 0.178152 0.343723 0.922017 -126.299835
0.975338 0.058635 -0.212788 8.981835 -0.128763 0.934172 -0.332780 88.578792 0.179268 0.351972 0.918683 -128.253138
0.974254 0.053447 -0.219024 9.846453 -0.128867 0.929163 -0.346483 90.969324 0.184991 0.365787 0.912128 -130.419831
0.972781 0.047717 -0.226760 10.944244 -0.129625 0.923194 -0.361815 93.711022 0.192079 0.381360 0.904251 -133.108078
0.971338 0.041488 -0.234056 12.016927 -0.130099 0.916869 -0.377393 96.699969 0.198942 0.397026 0.895987 -135.884320
0.969724 0.037646 -0.241283 12.959286 -0.131555 0.912951 -0.386282 99.120900 0.205738 0.406330 0.890263 -138.113078
0.968101 0.031138 -0.248620 14.064407 -0.132162 0.906451 -0.401099 101.763255 0.212872 0.421163 0.881651 -140.538745
0.966390 0.024889 -0.255872 14.995816 -0.133627 0.898915 -0.417248 104.138658 0.219622 0.437416 0.872028 -142.519391
0.963896 0.022080 -0.265360 15.867629 -0.138181 0.893346 -0.427597 106.408384 0.227617 0.448827 0.864144 -144.271520
0.962862 0.016834 -0.269470 16.567751 -0.137901 0.888717 -0.437225 108.406398 0.232123 0.458148 0.858033 -145.677744
0.961549 0.016679 -0.274128 17.127786 -0.142222 0.884128 -0.445073 110.073285 0.234940 0.466947 0.852504 -146.295186
0.959800 0.017929 -0.280111 17.983695 -0.147433 0.881406 -0.448763 111.864222 0.238845 0.472020 0.848617 -147.319060
0.959220 0.011906 -0.282410 18.654980 -0.145664 0.877050 -0.457782 113.893610 0.242238 0.480251 0.843018 -148.587755
0.958028 0.007437 -0.286579 19.297967 -0.145631 0.873695 -0.464165 115.860868 0.246930 0.486418 0.838107 -149.643072
0.956390 0.006098 -0.292030 19.969504 -0.148505 0.871076 -0.468159 117.720281 0.251526 0.491110 0.833994 -150.675685
0.955558 -0.004196 -0.294774 20.615855 -0.144484 0.864911 -0.480681 119.729774 0.256970 0.501908 0.825866 -151.563519
0.954147 -0.010874 -0.299142 21.427380 -0.144736 0.857996 -0.492842 121.923492 0.262022 0.513540 0.817080 -152.901092
0.953165 -0.014955 -0.302080 22.130588 -0.144688 0.854528 -0.498846 123.922298 0.265596 0.519190 0.812343 -153.894727
0.952642 -0.020489 -0.303402 22.732687 -0.143726 0.848917 -0.508608 125.829946 0.267984 0.528128 0.805770 -154.727646
0.952812 -0.024655 -0.302559 23.200129 -0.141224 0.846267 -0.513700 127.511316 0.268711 0.532188 0.802851 -155.309345
0.952991 -0.027736 -0.301725 23.551135 -0.139679 0.843465 -0.518707 129.149919 0.268881 0.536468 0.799941 -155.832976
0.951657 -0.037711 -0.304838 24.025605 -0.136723 0.836692 -0.530334 130.781909 0.275055 0.546374 0.791088 -156.024049
0.950360 -0.043797 -0.308054 24.578564 -0.136797 0.830416 -0.540088 132.583019 0.279468 0.555419 0.783203 -156.655906
0.950461 -0.048413 -0.307050 24.756821 -0.133417 0.828647 -0.543640 134.137108 0.280756 0.557675 0.781137 -156.703270
0.950126 -0.050175 -0.307805 25.027452 -0.132041 0.829428 -0.542785 135.496415 0.282536 0.556356 0.781435 -156.984899
0.949338 -0.056477 -0.309142 25.234286 -0.130600 0.823846 -0.551563 137.027421 0.285835 0.563994 0.774732 -156.932221
0.948706 -0.061067 -0.310205 25.816795 -0.128732 0.821537 -0.555433 138.993141 0.288763 0.566876 0.771536 -157.652954
0.948571 -0.065095 -0.309801 26.079188 -0.126832 0.818503 -0.560326 140.474252 0.290047 0.570802 0.768152 -157.843347
0.946635 -0.066543 -0.315364 26.081271 -0.128151 0.820080 -0.557715 140.990300 0.295735 0.568366 0.767789 -157.154039
0.946806 -0.070248 -0.314043 25.924095 -0.125313 0.818369 -0.560864 141.777995 0.296403 0.570383 0.766034 -156.466693
0.948490 -0.067861 -0.309455 25.704009 -0.122923 0.821435 -0.556897 142.257544 0.291988 0.566250 0.770781 -155.988615
0.947951 -0.069626 -0.310709 25.599154 -0.122096 0.821729 -0.556645 142.931746 0.294076 0.565609 0.770459 -155.369922
0.948266 -0.066927 -0.310343 25.684372 -0.123682 0.822419 -0.555274 143.888358 0.292395 0.564931 0.771594 -155.284997
0.947343 -0.066093 -0.313326 25.533489 -0.125217 0.824101 -0.552430 144.205917 0.294724 0.562574 0.772430 -154.483894
0.950626 -0.071939 -0.301884 24.996715 -0.116181 0.819524 -0.561144 145.191548 0.287769 0.568511 0.770703 -153.976613
0.949921 -0.073420 -0.303743 24.919253 -0.117248 0.817256 -0.564222 145.903805 0.289661 0.571579 0.767720 -153.328250
0.951265 -0.071394 -0.299997 24.413472 -0.113039 0.824386 -0.554626 145.487900 0.286910 0.561508 0.776139 -152.028889
0.950711 -0.074350 -0.301032 24.016834 -0.110253 0.826331 -0.552287 145.564105 0.289815 0.558255 0.777405 -150.806629
0.952587 -0.072642 -0.295466 23.476944 -0.104077 0.834711 -0.540764 145.294434 0.285911 0.545876 0.787575 -149.606644
0.953041 -0.070477 -0.294525 23.081130 -0.102722 0.839655 -0.533318 145.394999 0.284886 0.538528 0.792986 -148.740425
0.953634 -0.074494 -0.291603 22.822874 -0.098068 0.839096 -0.535071 146.071346 0.284542 0.538859 0.792885 -148.080778
0.953550 -0.075180 -0.291702 22.717317 -0.096448 0.841185 -0.532077 146.610089 0.285376 0.535496 0.794861 -147.644765
0.954145 -0.076392 -0.289433 22.434764 -0.093310 0.842814 -0.530054 146.998011 0.284431 0.532755 0.797039 -146.977440
